Year,Female,Male,Total,Countries
1860,23262,24464,47726,Australia
1861,23806,25102,48908,Australia
1862,24896,26483,51379,Australia
1863,25134,26233,51367,Australia
1864,26838,28608,55446,Australia
1865,27986,29175,57161,Australia
1866,27457,28927,56384,Australia
1867,28922,30245,59167,Australia
1868,29896,31269,61165,Australia
1869,29527,30996,60523,Australia
1870,30437,32195,62632,Australia
1871,30921,32704,63625,Australia
1872,31589,32233,63822,Australia
1873,32561,33667,66228,Australia
1874,32809,34221,67030,Australia
1875,32970,34257,67227,Australia
1876,33903,35358,69261,Australia
1877,34041,35752,69793,Australia
1878,35321,37640,72961,Australia
1879,37203,38882,76085,Australia
1880,37757,39683,77440,Australia
1881,38884,41120,80004,Australia
1882,39600,41343,80943,Australia
1883,41533,43669,85202,Australia
1884,44392,46602,90994,Australia
1885,46210,48363,94573,Australia
1886,47227,49733,96960,Australia
1887,49309,51607,100916,Australia
1888,50888,53192,104080,Australia
1889,50678,54046,104724,Australia
1890,53384,55299,108683,Australia
1891,53758,56429,110187,Australia
1892,53699,56459,110158,Australia
1893,53125,56197,109322,Australia
1894,50957,53703,104660,Australia
1895,51184,53900,105084,Australia
1896,48979,51155,100134,Australia
1897,49440,51697,101137,Australia
1898,48041,50804,98845,Australia
1899,49209,51429,100638,Australia
1900,49881,52340,102221,Australia
1901,50436,52509,102945,Australia
1902,50160,52616,102776,Australia
1903,48037,50406,98443,Australia
1904,50755,53358,104113,Australia
1905,51046,53895,104941,Australia
1906,52376,55514,107890,Australia
1907,53858,56489,110347,Australia
1908,54432,57113,111545,Australia
1909,55589,58482,114071,Australia
1910,56595,60206,116801,Australia
1911,59685,62508,122193,Australia
1912,65066,68022,133088,Australia
1913,66280,69434,135714,Australia
1914,67379,70604,137983,Australia
1915,65822,69049,134871,Australia
1916,63921,67505,131426,Australia
1917,63082,66883,129965,Australia
1918,61281,64458,125739,Australia
1919,59359,62931,122290,Australia
1920,66150,70256,136406,Australia
1921,66159,70039,136198,Australia
1922,66914,70582,137496,Australia
1923,65857,69365,135222,Australia
1924,66127,68800,134927,Australia
1925,66250,69542,135792,Australia
1926,64740,68422,133162,Australia
1927,64818,68880,133698,Australia
1928,64926,69152,134078,Australia
1929,62857,66623,129480,Australia
1930,62516,65883,128399,Australia
1931,57488,61021,118509,Australia
1932,53958,56975,110933,Australia
1933,54109,57160,111269,Australia
1934,53627,55848,109475,Australia
1935,54433,56892,111325,Australia
1936,56679,59394,116073,Australia
1937,58226,60905,119131,Australia
1938,58523,61892,120415,Australia
1939,59838,63053,122891,Australia
1940,61752,64595,126347,Australia
1941,65564,68961,134525,Australia
1942,66481,70227,136708,Australia
1943,72942,76353,149295,Australia
1944,75002,78342,153344,Australia
1945,78103,82457,160560,Australia
1946,85411,90968,176379,Australia
1947,88566,93818,182384,Australia
1948,86665,91311,177976,Australia
1949,88515,92746,181261,Australia
1950,92761,97830,190591,Australia
1951,93897,99401,193298,Australia
1952,98269,103381,201650,Australia
1953,98736,103499,202235,Australia
1954,98701,103555,202256,Australia
1955,101227,106450,207677,Australia
1956,102544,109589,212133,Australia
1957,107121,113237,220358,Australia
1958,108547,113957,222504,Australia
1959,110735,116241,226976,Australia
1960,111911,118415,230326,Australia
1961,116874,123112,239986,Australia
1962,114971,122110,237081,Australia
1963,114553,121136,235689,Australia
1964,111087,118062,229149,Australia
1965,108388,114466,222854,Australia
1966,108653,115078,223731,Australia
1967,111616,117680,229296,Australia
1968,117279,123627,240906,Australia
1969,121905,128271,250176,Australia
1970,125544,131972,257516,Australia
1971,135248,141114,276362,Australia
1972,128960,136009,264969,Australia
1973,120701,126969,247670,Australia
1974,118882,126295,245177,Australia
1975,113012,119726,232738,Australia
1976,110761,116598,227359,Australia
1977,110070,117002,227072,Australia
1978,109763,115187,224950,Australia
1979,108462,114859,223321,Australia
1980,110192,116282,226474,Australia
1981,115511,122141,237652,Australia
1982,116038,122737,238775,Australia
1983,118256,124746,243002,Australia
1984,118256,123982,242238,Australia
1985,118886,125151,244037,Australia
1986,118641,125245,243886,Australia
1987,118856,125343,244199,Australia
1988,122483,128825,251308,Australia
1989,124089,130517,254606,Australia
1990,127810,135002,262812,Australia
1991,125601,132673,258274,Australia
1992,128743,135511,264254,Australia
1993,127177,134344,261521,Australia
1994,127504,134708,262212,Australia
1995,126674,133482,260156,Australia
1996,125288,132586,257874,Australia
1997,124546,130932,255478,Australia
1998,123631,129872,253503,Australia
1999,125036,131296,256332,Australia
2000,124627,131186,255813,Australia
2001,122483,129065,251548,Australia
2002,123572,129821,253393,Australia
2003,123285,130491,253776,Australia
2004,123566,130757,254323,Australia
2005,131015,137996,269011,Australia
2006,134102,142175,276277,Australia
2007,141355,149293,290648,Australia
2008,143081,150833,293914,Australia
2009,143981,152315,296296,Australia
2010,145052,151970,297022,Australia
2011,145635,154090,299725,Australia
2012,149578,158940,308518,Australia
2013,148279,157076,305355,Australia
2014,149847,157906,307753,Australia
2015,147656,156298,303954,Australia
2016,150156,158831,308987,Australia
2017,145176,154013,299189,Australia
2018,143845,152602,296447,Australia
2019,143145,151738,294883,Australia
2020,138666,146381,285047,Australia
1871,74495,79007,153502,Austria
1872,76616,81779,158395,Austria
1873,79119,83444,162563,Austria
1874,79303,83571,162874,Austria
1875,80523,84381,164904,Austria
1876,82690,87245,169935,Austria
1877,79977,84754,164731,Austria
1878,79156,82950,162106,Austria
1879,79671,83991,163662,Austria
1880,80565,84901,165466,Austria
1881,79747,84342,164089,Austria
1882,80859,85209,166068,Austria
1883,80508,85282,165790,Austria
1884,82813,86990,169803,Austria
1885,81715,86354,168069,Austria
1886,82870,87189,170059,Austria
1887,83302,87433,170735,Austria
1888,82955,87244,170199,Austria
1889,83906,88033,171939,Austria
1890,80780,84821,165601,Austria
1891,85741,90827,176568,Austria
1892,83561,88233,171794,Austria
1893,85183,90453,175636,Austria
1894,85871,90636,176507,Austria
1895,88467,92669,181136,Austria
1896,88826,94018,182844,Austria
1897,88431,93451,181882,Austria
1898,89687,94740,184427,Austria
1899,91114,95176,186290,Austria
1900,91164,95930,187094,Austria
1901,92185,97354,189539,Austria
1902,92981,98945,191926,Austria
1903,90051,94193,184244,Austria
1904,91210,96753,187963,Austria
1905,88284,93401,181685,Austria
1906,90212,94265,184477,Austria
1907,88507,92519,181026,Austria
1908,87482,92552,180034,Austria
1909,87841,92265,180106,Austria
1910,85920,90668,176588,Austria
1911,82575,86341,168916,Austria
1912,82848,87707,170555,Austria
1913,79643,83711,163354,Austria
1914,78801,82891,161692,Austria
1915,61432,64248,125680,Austria
1916,48162,50733,98895,Austria
1917,44723,47566,92289,Austria
1918,45077,47483,92560,Austria
1919,57398,61120,118518,Austria
1920,70726,75918,146644,Austria
1921,73302,77836,151138,Austria
1922,73128,77830,150958,Austria
1923,71374,75511,146885,Austria
1924,68531,73610,142141,Austria
1925,65822,70019,135841,Austria
1926,61581,65669,127250,Austria
1927,57411,61258,118669,Austria
1928,56591,60138,116729,Austria
1929,54412,57635,112047,Austria
1930,54630,57700,112330,Austria
1931,51615,54709,106324,Austria
1932,49440,52837,102277,Austria
1933,46738,49631,96369,Austria
1934,44674,46893,91567,Austria
1935,43204,45485,88689,Austria
1936,42805,45459,88264,Austria
1937,41810,44541,86351,Austria
1938,45402,48410,93812,Austria
1939,66636,71189,137825,Austria
1940,70608,75318,145926,Austria
1941,65793,69605,135398,Austria
1942,56393,59779,116172,Austria
1943,59220,63223,122443,Austria
1944,61775,65163,126938,Austria
1945,49081,52288,101369,Austria
1946,53616,57686,111302,Austria
1947,62179,66774,128953,Austria
1948,59655,63566,123221,Austria
1949,54885,58490,113375,Austria
1950,52249,55605,107854,Austria
1951,50053,52711,102764,Austria
1952,49814,53198,103012,Austria
1953,50039,52828,102867,Austria
1954,50570,53415,103985,Austria
1955,52809,55766,108575,Austria
1956,56674,59153,115827,Austria
1957,57455,61257,118712,Austria
1958,58429,61326,119755,Austria
1959,60215,64162,124377,Austria
1960,61150,64795,125945,Austria
1961,63828,67735,131563,Austria
1962,64917,68336,133253,Austria
1963,66050,68759,134809,Austria
1964,65475,68366,133841,Austria
1965,63421,66503,129924,Austria
1966,62791,65786,128577,Austria
1967,61989,65415,127404,Austria
1968,61154,64961,126115,Austria
1969,59317,62060,121377,Austria
1970,54423,57878,112301,Austria
1971,52746,55764,108510,Austria
1972,50621,53412,104033,Austria
1973,47637,50404,98041,Austria
1974,47419,50011,97430,Austria
1975,45592,48165,93757,Austria
1976,42434,45012,87446,Austria
1977,41617,43978,85595,Austria
1978,41536,43866,85402,Austria
1979,41913,44475,86388,Austria
1980,43998,46874,90872,Austria
1981,45820,48122,93942,Austria
1982,46641,48199,94840,Austria
1983,43989,46129,90118,Austria
1984,43710,45524,89234,Austria
1985,42386,45054,87440,Austria
1986,42429,44535,86964,Austria
1987,42218,44285,86503,Austria
1988,42697,45355,88052,Austria
1989,43254,45505,88759,Austria
1990,43976,46478,90454,Austria
1991,46024,48605,94629,Austria
1992,46206,49096,95302,Austria
1993,46460,48767,95227,Austria
1994,45003,47412,92415,Austria
1995,43250,45419,88669,Austria
1996,43251,45558,88809,Austria
1997,41103,42942,84045,Austria
1998,39521,41712,81233,Austria
1999,38147,39991,78138,Austria
2000,38136,40132,78268,Austria
2001,36861,38597,75458,Austria
2002,38281,40118,78399,Austria
2003,37402,39542,76944,Austria
2004,38428,40540,78968,Austria
2005,38312,39878,78190,Austria
2006,38169,39745,77914,Austria
2007,37310,38940,76250,Austria
2008,37626,40126,77752,Austria
2009,37272,39072,76344,Austria
2010,38411,40331,78742,Austria
2011,37714,40395,78109,Austria
2012,38130,40822,78952,Austria
2013,38377,40953,79330,Austria
2014,39560,42162,81722,Austria
2015,40777,43604,84381,Austria
2016,42624,45051,87675,Austria
2017,42380,45253,87633,Austria
2018,41739,43796,85535,Austria
2019,41372,43580,84952,Austria
1959,98845,105729,204574,Belarus
1960,97049,103169,200218,Belarus
1961,94595,99644,194239,Belarus
1962,90063,95239,185302,Belarus
1963,83825,90064,173889,Belarus
1964,78684,83110,161794,Belarus
1965,74732,79133,153865,Belarus
1966,74789,78625,153414,Belarus
1967,71805,75696,147501,Belarus
1968,71168,74927,146095,Belarus
1969,68866,73786,142652,Belarus
1970,71342,75334,146676,Belarus
1971,72827,76308,149135,Belarus
1972,71669,76144,147813,Belarus
1973,70312,74417,144729,Belarus
1974,71428,75448,146876,Belarus
1975,71380,75137,146517,Belarus
1976,71896,76016,147912,Belarus
1977,72659,76304,148963,Belarus
1978,73810,77243,151053,Belarus
1979,73750,78050,151800,Belarus
1980,75286,79146,154432,Belarus
1981,76939,80960,157899,Belarus
1982,77981,81383,159364,Belarus
1983,84448,89062,173510,Belarus
1984,82075,86674,168749,Belarus
1985,80363,84671,165034,Belarus
1986,83452,88159,171611,Belarus
1987,79183,83754,162937,Belarus
1988,78884,84309,163193,Belarus
1989,74569,78880,153449,Belarus
1990,68875,73292,142167,Belarus
1991,63593,68452,132045,Belarus
1992,62315,65656,127971,Belarus
1993,56827,60557,117384,Belarus
1994,53629,56970,110599,Belarus
1995,48736,52408,101144,Belarus
1996,46410,49388,95798,Belarus
1997,43599,45987,89586,Belarus
1998,44605,48040,92645,Belarus
1999,45030,47945,92975,Belarus
2000,45512,48179,93691,Belarus
2001,44278,47442,91720,Belarus
2002,43091,45652,88743,Belarus
2003,42885,45627,88512,Belarus
2004,43275,45668,88943,Belarus
2005,44012,46295,90307,Belarus
2006,46872,49849,96721,Belarus
2007,50220,53406,103626,Belarus
2008,52278,55598,107876,Belarus
2009,52940,56323,109263,Belarus
2010,52336,55714,108050,Belarus
2011,53034,56113,109147,Belarus
2012,56193,59700,115893,Belarus
2013,57219,60778,117997,Belarus
2014,57258,61276,118534,Belarus
2015,57651,61337,118988,Belarus
2016,57132,60647,117779,Belarus
2017,49844,52712,102556,Belarus
2018,45802,48240,94042,Belarus
1840,67043,71099,138142,Belgium
1841,67459,70676,138135,Belgium
1842,65512,69515,135027,Belgium
1843,64665,68246,132911,Belgium
1844,65382,68594,133976,Belgium
1845,66607,70405,137012,Belgium
1846,58387,61223,119610,Belgium
1847,57567,60539,118106,Belgium
1848,58431,61952,120383,Belgium
1849,65012,68093,133105,Belgium
1850,64176,67240,131416,Belgium
1851,65509,68739,134248,Belgium
1852,65163,69234,134397,Belgium
1853,62158,65570,127728,Belgium
1854,64429,67408,131837,Belgium
1855,61325,64630,125955,Belgium
1856,65339,68848,134187,Belgium
1857,69922,73369,143291,Belgium
1858,70782,74292,145074,Belgium
1859,73287,76525,149812,Belgium
1860,70300,74368,144668,Belgium
1861,71759,75674,147433,Belgium
1862,70700,74868,145568,Belgium
1863,75739,79825,155564,Belgium
1864,75850,80022,155872,Belgium
1865,76381,79942,156323,Belgium
1866,77388,80622,158010,Belgium
1867,76401,80748,157149,Belgium
1868,76198,79936,156134,Belgium
1869,77362,81325,158687,Belgium
1870,80202,84370,164572,Belgium
1871,77589,81171,158760,Belgium
1872,81627,85750,167377,Belgium
1873,83580,87128,170708,Belgium
1874,84753,89225,173978,Belgium
1875,85795,89757,175552,Belgium
1876,86476,90439,176915,Belgium
1877,85499,89578,175077,Belgium
1878,84397,88333,172730,Belgium
1879,85302,89339,174641,Belgium
1880,84082,87782,171864,Belgium
1881,86027,89384,175411,Belgium
1882,85715,90630,176345,Belgium
1883,85322,89162,174484,Belgium
1884,86314,90407,176721,Belgium
1885,85736,89307,175043,Belgium
1886,85773,89318,175091,Belgium
1887,85645,89821,175466,Belgium
1888,86303,89283,175586,Belgium
1889,86736,90806,177542,Belgium
1890,86423,90172,176595,Belgium
1891,88729,93188,181917,Belgium
1892,86848,90637,177485,Belgium
1893,89490,93572,183062,Belgium
1894,88376,93090,181466,Belgium
1895,90265,94117,184382,Belgium
1896,92782,97191,189973,Belgium
1897,94010,98485,192495,Belgium
1898,93795,98612,192407,Belgium
1899,95775,100015,195790,Belgium
1900,95178,100176,195354,Belgium
1901,98384,103224,201608,Belgium
1902,96161,101228,197389,Belgium
1903,94618,99104,193722,Belgium
1904,94055,99150,193205,Belgium
1905,92478,96329,188807,Belgium
1906,91954,95800,187754,Belgium
1907,91328,95282,186610,Belgium
1908,90750,94613,185363,Belgium
1909,86762,91108,177870,Belgium
1910,86918,90946,177864,Belgium
1911,84865,88274,173139,Belgium
1912,84472,88048,172520,Belgium
1913,84412,87964,172376,Belgium
1914,76369,80020,156389,Belgium
1915,60808,63483,124291,Belgium
1916,48071,51289,99360,Belgium
1917,42604,44071,86675,Belgium
1918,41402,43654,85056,Belgium
1919,60059,64145,124204,Belgium
1920,80010,84940,164950,Belgium
1921,80053,84550,164603,Belgium
1922,75352,79429,154781,Belgium
1923,76186,80414,156600,Belgium
1924,75219,78864,154083,Belgium
1925,75960,79370,155330,Belgium
1926,73897,77112,151009,Belgium
1927,71424,74872,146296,Belgium
1928,72433,75638,148071,Belgium
1929,72134,75177,147311,Belgium
1930,74332,78198,152530,Belgium
1931,73067,76590,149657,Belgium
1932,71423,74412,145835,Belgium
1933,66465,70292,136757,Belgium
1934,65221,68293,133514,Belgium
1935,62633,65799,128432,Belgium
1936,62387,65364,127751,Belgium
1937,62585,66111,128696,Belgium
1938,65307,68303,133610,Belgium
1939,63732,66287,130019,Belgium
1940,54698,57799,112497,Belgium
1941,48876,51740,100616,Belgium
1942,52285,56318,108603,Belgium
1943,59664,63685,123349,Belgium
1944,61520,65602,127122,Belgium
1945,63499,67027,130526,Belgium
1946,73931,79031,152962,Belgium
1947,72821,77406,150227,Belgium
1948,73169,77247,150416,Belgium
1949,71635,76219,147854,Belgium
1950,70894,74778,145672,Belgium
1951,69251,73063,142314,Belgium
1952,70680,75384,146064,Belgium
1953,70843,75282,146125,Belgium
1954,72301,76237,148538,Belgium
1955,72711,76484,149195,Belgium
1956,73217,76993,150210,Belgium
1957,73897,78974,152871,Belgium
1958,75184,79864,155048,Belgium
1959,76876,81361,158237,Belgium
1960,75178,79606,154784,Belgium
1961,76943,81488,158431,Belgium
1962,75274,79787,155061,Belgium
1963,77318,81874,159192,Belgium
1964,78205,82633,160838,Belgium
1965,75469,80027,155496,Belgium
1966,73593,77503,151096,Belgium
1967,70829,75364,146193,Belgium
1968,69037,72947,141984,Belgium
1969,68833,72966,141799,Belgium
1970,68997,73171,142168,Belgium
1971,68774,72753,141527,Belgium
1972,66290,70014,136304,Belgium
1973,62848,66576,129424,Belgium
1974,60079,63595,123674,Belgium
1975,58119,61574,119693,Belgium
1976,58806,62228,121034,Belgium
1977,59397,62455,121852,Belgium
1978,59645,62947,122592,Belgium
1979,59732,64093,123825,Belgium
1980,60620,63778,124398,Belgium
1981,60092,63700,123792,Belgium
1982,58405,61826,120231,Belgium
1983,56936,60209,117145,Belgium
1984,56320,59331,115651,Belgium
1985,55520,58572,114092,Belgium
1986,56621,60493,117114,Belgium
1987,56964,60390,117354,Belgium
1988,58259,61520,119779,Belgium
1989,58956,61948,120904,Belgium
1990,60355,63421,123776,Belgium
1991,61338,64586,125924,Belgium
1992,60891,63883,124774,Belgium
1993,59059,61789,120848,Belgium
1994,56553,59960,116513,Belgium
1995,56461,59081,115542,Belgium
1996,57046,59396,116442,Belgium
1997,56778,59435,116213,Belgium
1998,55714,58562,114276,Belgium
1999,55611,57858,113469,Belgium
2000,56093,58790,114883,Belgium
2001,55929,58243,114172,Belgium
2002,54181,57044,111225,Belgium
2003,54810,57339,112149,Belgium
2004,56189,59429,115618,Belgium
2005,57427,60575,118002,Belgium
2006,59432,61950,121382,Belgium
2007,61241,63987,125228,Belgium
2008,62318,65731,128049,Belgium
2009,62100,65197,127297,Belgium
2010,63574,66526,130100,Belgium
2011,62814,65891,128705,Belgium
2012,62713,65338,128051,Belgium
2013,61235,64371,125606,Belgium
2014,60841,64173,125014,Belgium
2015,59713,62561,122274,Belgium
2016,59468,62428,121896,Belgium
2017,58511,61179,119690,Belgium
2018,57921,60398,118319,Belgium
2019,57783,59912,117695,Belgium
2020,55843,58507,114350,Belgium
2021,57840,60509,118349,Belgium
1947,82390,87772,170162,Bulgaria
1948,85122,90649,175771,Bulgaria
1949,85835,91899,177734,Bulgaria
1950,88297,94385,182682,Bulgaria
1951,74276,78717,152993,Bulgaria
1952,74682,79526,154208,Bulgaria
1953,73994,79226,153220,Bulgaria
1954,72496,77406,149902,Bulgaria
1955,73478,77500,150978,Bulgaria
1956,71668,76242,147910,Bulgaria
1957,68781,72254,141035,Bulgaria
1958,67226,71068,138294,Bulgaria
1959,66453,70439,136892,Bulgaria
1960,67867,72215,140082,Bulgaria
1961,66617,71244,137861,Bulgaria
1962,65314,68834,134148,Bulgaria
1963,64099,68044,132143,Bulgaria
1964,63511,67447,130958,Bulgaria
1965,60985,64806,125791,Bulgaria
1966,59575,63464,123039,Bulgaria
1967,60420,64162,124582,Bulgaria
1968,68840,72620,141460,Bulgaria
1969,69594,73466,143060,Bulgaria
1970,66921,71824,138745,Bulgaria
1971,65643,69779,135422,Bulgaria
1972,63540,67776,131316,Bulgaria
1973,68056,71657,139713,Bulgaria
1974,72489,76707,149196,Bulgaria
1975,70316,74352,144668,Bulgaria
1976,70247,74682,144929,Bulgaria
1977,68869,72833,141702,Bulgaria
1978,66394,70048,136442,Bulgaria
1979,65450,69908,135358,Bulgaria
1980,62118,66072,128190,Bulgaria
1981,60218,64154,124372,Bulgaria
1982,60211,63955,124166,Bulgaria
1983,59951,63042,122993,Bulgaria
1984,59243,63060,122303,Bulgaria
1985,58016,60939,118955,Bulgaria
1986,58728,61350,120078,Bulgaria
1987,56925,59747,116672,Bulgaria
1988,56939,60501,117440,Bulgaria
1989,54700,57589,112289,Bulgaria
1990,51152,54028,105180,Bulgaria
1991,46411,49499,95910,Bulgaria
1992,43175,45959,89134,Bulgaria
1993,40914,43486,84400,Bulgaria
1994,38904,40538,79442,Bulgaria
1995,35165,36802,71967,Bulgaria
1996,34952,37236,72188,Bulgaria
1997,30821,33304,64125,Bulgaria
1998,31715,33646,65361,Bulgaria
1999,35233,37058,72291,Bulgaria
2000,35897,37782,73679,Bulgaria
2001,33055,35125,68180,Bulgaria
2002,32002,34497,66499,Bulgaria
2003,32689,34670,67359,Bulgaria
2004,33860,36026,69886,Bulgaria
2005,34597,36478,71075,Bulgaria
2006,35870,38108,73978,Bulgaria
2007,36527,38822,75349,Bulgaria
2008,37726,39986,77712,Bulgaria
2009,39644,41312,80956,Bulgaria
2010,36677,38836,75513,Bulgaria
2011,34313,36533,70846,Bulgaria
2012,33459,35662,69121,Bulgaria
2013,32534,34044,66578,Bulgaria
2014,32850,34735,67585,Bulgaria
2015,31881,34069,65950,Bulgaria
2016,31609,33375,64984,Bulgaria
2017,31168,32787,63955,Bulgaria
2018,30053,32144,62197,Bulgaria
2019,30023,31515,61538,Bulgaria
2020,28714,30372,59086,Bulgaria
2021,28605,30073,58678,Bulgaria
1921,123889,133839,257728,Canada
1922,123516,129055,252571,Canada
1923,116473,124003,240476,Canada
1924,118935,125590,244525,Canada
1925,117702,124686,242388,Canada
1926,112887,119863,232750,Canada
1927,113533,120655,234188,Canada
1928,115252,121505,236757,Canada
1929,114524,120891,235415,Canada
1930,118643,124852,243495,Canada
1931,116851,123622,240473,Canada
1932,114584,121082,235666,Canada
1933,108480,114388,222868,Canada
1934,107980,113323,221303,Canada
1935,108158,113293,221451,Canada
1936,107082,113289,220371,Canada
1937,107092,113143,220235,Canada
1938,111584,117862,229446,Canada
1939,111874,117594,229468,Canada
1940,119037,125279,244316,Canada
1941,124142,131175,255317,Canada
1942,131729,140584,272313,Canada
1943,137855,145725,283580,Canada
1944,137568,146652,284220,Canada
1945,139818,148912,288730,Canada
1946,160787,169945,330732,Canada
1947,175121,183973,359094,Canada
1948,169184,178123,347307,Canada
1949,177800,188339,366139,Canada
1950,180596,191413,372009,Canada
1951,185174,195918,381092,Canada
1952,195489,208270,403759,Canada
1953,203461,214423,417884,Canada
1954,212030,224168,436198,Canada
1955,215555,227382,442937,Canada
1956,219042,231697,450739,Canada
1957,228020,241073,469093,Canada
1958,228445,241675,470120,Canada
1959,233202,246073,479275,Canada
1960,232522,246029,478551,Canada
1961,231297,244403,475700,Canada
1962,228823,240870,469693,Canada
1963,226902,238865,465767,Canada
1964,220258,232657,452915,Canada
1965,203483,215112,418595,Canada
1966,188782,198928,387710,Canada
1967,181047,189847,370894,Canada
1968,176821,187489,364310,Canada
1969,179849,189798,369647,Canada
1970,180553,191435,371988,Canada
1971,175541,186646,362187,Canada
1972,168537,178782,347319,Canada
1973,166572,176801,343373,Canada
1974,170400,180250,350650,Canada
1975,174789,184534,359323,Canada
1976,175155,184832,359987,Canada
1977,175477,185923,361400,Canada
1978,174973,183879,358852,Canada
1979,177682,188382,366064,Canada
1980,180314,190395,370709,Canada
1981,180743,190603,371346,Canada
1982,181775,191307,373082,Canada
1983,181453,192236,373689,Canada
1984,183353,193678,377031,Canada
1985,182480,193247,375727,Canada
1986,181870,191043,372913,Canada
1987,180428,189314,369742,Canada
1988,183806,192989,376795,Canada
1989,191509,201152,392661,Canada
1990,197281,208205,405486,Canada
1991,195916,206612,402528,Canada
1992,194264,204378,398642,Canada
1993,188650,199744,388394,Canada
1994,186939,198173,385112,Canada
1995,184258,193753,378011,Canada
1996,177984,188216,366200,Canada
1997,169624,178974,348598,Canada
1998,167158,175253,342411,Canada
1999,164190,173054,337244,Canada
2000,159486,168380,327866,Canada
2001,162589,171153,333742,Canada
2002,159960,168842,328802,Canada
2003,163511,171691,335202,Canada
2004,163918,173154,337072,Canada
2005,166800,175376,342176,Canada
2006,172373,182238,354611,Canada
2007,179526,188337,367863,Canada
2008,184131,193754,377885,Canada
2009,185414,195442,380856,Canada
2010,183748,193465,377213,Canada
2011,184049,193587,377636,Canada
2012,185423,196446,381869,Canada
2013,185140,195183,380323,Canada
2014,187373,196727,384100,Canada
2015,186447,195945,382392,Canada
2016,186738,196364,383102,Canada
2017,183602,193706,377308,Canada
2018,182333,191716,374049,Canada
2019,181314,190724,372038,Canada
2020,174212,184392,358604,Canada
1907,61567,64537,126104,Chile
1908,63402,66331,129733,Chile
1909,63167,66166,129333,Chile
1910,63311,66741,130052,Chile
1911,64433,69035,133468,Chile
1912,66442,68931,135373,Chile
1913,68916,71609,140525,Chile
1914,66352,70198,136550,Chile
1915,66547,70050,136597,Chile
1916,69958,74235,144193,Chile
1917,72915,76246,149161,Chile
1918,71573,74298,145871,Chile
1919,70618,74362,144980,Chile
1920,71905,74820,146725,Chile
1921,72476,75319,147795,Chile
1922,71512,75693,147205,Chile
1923,74170,77635,151805,Chile
1924,75725,79375,155100,Chile
1925,76064,80161,156225,Chile
1926,77351,82260,159611,Chile
1927,83028,89645,172673,Chile
1928,87148,92446,179594,Chile
1929,84375,91655,176030,Chile
1930,82193,87202,169395,Chile
1931,72324,77164,149488,Chile
1932,72360,77099,149459,Chile
1933,71457,76276,147733,Chile
1934,73306,77056,150362,Chile
1935,74462,78689,153151,Chile
1936,76560,80357,156917,Chile
1937,74611,78743,153354,Chile
1938,75526,79401,154927,Chile
1939,79824,83765,163589,Chile
1940,81244,85349,166593,Chile
1941,81024,83980,165004,Chile
1942,83236,86986,170222,Chile
1943,84215,87880,172095,Chile
1944,85616,89248,174864,Chile
1945,86833,91459,178292,Chile
1946,86066,89619,175685,Chile
1947,91541,95243,186784,Chile
1948,93671,95565,189236,Chile
1949,93107,96612,189719,Chile
1950,92873,95450,188323,Chile
1951,93981,97351,191332,Chile
1952,95994,99475,195469,Chile
1953,104444,107364,211808,Chile
1954,103892,106028,209920,Chile
1955,111040,114312,225352,Chile
1956,117008,120260,237268,Chile
1957,122220,127389,249609,Chile
1958,122815,127432,250247,Chile
1959,124985,129289,254274,Chile
1960,128135,132518,260653,Chile
1961,132624,136649,269273,Chile
1962,134725,139715,274440,Chile
1963,136258,140886,277144,Chile
1964,135470,139853,275323,Chile
1965,134748,139832,274580,Chile
1966,131438,136795,268233,Chile
1967,127173,132556,259729,Chile
1968,122442,126492,248934,Chile
1969,117739,121810,239549,Chile
1970,117111,121558,238669,Chile
1971,121524,126446,247970,Chile
1972,125258,130839,256097,Chile
1973,124126,130911,255037,Chile
1974,122938,127524,250462,Chile
1975,116131,121835,237966,Chile
1976,112251,116980,229231,Chile
1977,105940,110932,216872,Chile
1978,107341,111240,218581,Chile
1979,109108,113990,223098,Chile
1980,114841,119821,234662,Chile
1981,123287,128282,251569,Chile
1982,125261,131242,256503,Chile
1983,119688,124024,243712,Chile
1984,122970,128795,251765,Chile
1985,122019,126860,248879,Chile
1986,126872,132475,259347,Chile
1987,129548,136226,265774,Chile
1988,137542,144210,281752,Chile
1989,140708,147900,288608,Chile
1990,142144,150002,292146,Chile
1991,138833,145650,284483,Chile
1992,136375,142723,279098,Chile
1993,134612,141304,275916,Chile
1994,134020,139746,273766,Chile
1995,129950,135982,265932,Chile
1996,129093,135700,264793,Chile
1997,126544,133415,259959,Chile
1998,125871,131234,257105,Chile
1999,122418,128256,250674,Chile
2000,121638,127255,248893,Chile
2001,120781,125335,246116,Chile
2002,117006,121975,238981,Chile
2003,114523,119963,234486,Chile
2004,112918,117434,230352,Chile
2005,112297,118534,230831,Chile
2006,113180,118203,231383,Chile
2007,117617,122952,240569,Chile
2008,120723,125858,246581,Chile
2009,123581,128659,252240,Chile
2010,122961,127682,250643,Chile
2011,120803,126555,247358,Chile
2012,119552,124083,243635,Chile
2013,118594,123411,242005,Chile
2014,122811,128186,250997,Chile
2015,119946,124724,244670,Chile
2016,113934,117815,231749,Chile
2017,107513,111673,219186,Chile
2018,108680,113051,221731,Chile
2019,102823,107365,210188,Chile
2020,95034,99918,194952,Chile
2001,19974,21019,40993,Croatia
2002,19510,20584,40094,Croatia
2003,19287,20381,39668,Croatia
2004,19432,20875,40307,Croatia
2005,20742,21750,42492,Croatia
2006,19977,21469,41446,Croatia
2007,20450,21460,41910,Croatia
2008,21271,22482,43753,Croatia
2009,21700,22877,44577,Croatia
2010,20938,22423,43361,Croatia
2011,20020,21177,41197,Croatia
2012,20084,21687,41771,Croatia
2013,19208,20731,39939,Croatia
2014,19192,20374,39566,Croatia
2015,18124,19379,37503,Croatia
2016,18465,19072,37537,Croatia
2017,17711,18845,36556,Croatia
2018,17867,19078,36945,Croatia
2019,17657,18478,36135,Croatia
2020,17456,18389,35845,Croatia
1947,100089,106656,206745,Czechia
1948,95412,102425,197837,Czechia
1949,89846,95638,185484,Czechia
1950,90851,97490,188341,Czechia
1951,89792,95778,185570,Czechia
1952,87096,93047,180143,Czechia
1953,83598,88949,172547,Czechia
1954,81787,86615,168402,Czechia
1955,80294,85580,165874,Czechia
1956,79139,83370,162509,Czechia
1957,75217,80212,155429,Czechia
1958,68960,72802,141762,Czechia
1959,62510,66472,128982,Czechia
1960,62418,66461,128879,Czechia
1961,63661,67358,131019,Czechia
1962,65012,68545,133557,Czechia
1963,72445,76395,148840,Czechia
1964,74800,79620,154420,Czechia
1965,71496,75942,147438,Czechia
1966,68595,72567,141162,Czechia
1967,67182,71266,138448,Czechia
1968,66907,70530,137437,Czechia
1969,69347,73818,143165,Czechia
1970,72171,75694,147865,Czechia
1971,75073,79107,154180,Czechia
1972,79511,84150,163661,Czechia
1973,87825,93925,181750,Czechia
1974,94387,99828,194215,Czechia
1975,93739,98037,191776,Czechia
1976,91302,96076,187378,Czechia
1977,88535,93228,181763,Czechia
1978,87053,91848,178901,Czechia
1979,83670,88442,172112,Czechia
1980,74392,79409,153801,Czechia
1981,70375,74063,144438,Czechia
1982,69159,72579,141738,Czechia
1983,66712,70719,137431,Czechia
1984,66688,70253,136941,Czechia
1985,66219,69662,135881,Czechia
1986,64817,68539,133356,Czechia
1987,63616,67305,130921,Czechia
1988,64837,67830,132667,Czechia
1989,62687,65669,128356,Czechia
1990,63594,66970,130564,Czechia
1991,62710,66644,129354,Czechia
1992,59004,62701,121705,Czechia
1993,58910,62115,121025,Czechia
1994,51875,54704,106579,Czechia
1995,46692,49405,96097,Czechia
1996,44011,46435,90446,Czechia
1997,44087,46570,90657,Czechia
1998,43954,46581,90535,Czechia
1999,43642,45829,89471,Czechia
2000,43846,47064,90910,Czechia
2001,44099,46616,90715,Czechia
2002,45074,47712,92786,Czechia
2003,45554,48131,93685,Czechia
2004,47402,50262,97664,Czechia
2005,49758,52453,102211,Czechia
2006,51219,54612,105831,Czechia
2007,56157,58475,114632,Czechia
2008,58244,61326,119570,Czechia
2009,57980,60368,118348,Czechia
2010,56933,60220,117153,Czechia
2011,52884,55789,108673,Czechia
2012,53040,55536,108576,Czechia
2013,52049,54702,106751,Czechia
2014,53616,56636,110252,Czechia
2015,53947,56817,110764,Czechia
2016,54826,57837,112663,Czechia
2017,55734,58671,114405,Czechia
2018,55780,58256,114036,Czechia
2019,54646,57585,112231,Czechia
2020,53924,56276,110200,Czechia
2021,54614,57179,111793,Czechia
1835,19301,20000,39301,Denmark
1836,18647,19403,38050,Denmark
1837,18453,19302,37755,Denmark
1838,18440,19323,37763,Denmark
1839,18200,18851,37051,Denmark
1840,19096,20114,39210,Denmark
1841,18753,19965,38718,Denmark
1842,19338,20196,39534,Denmark
1843,19404,20147,39551,Denmark
1844,19909,20837,40746,Denmark
1845,20352,21249,41601,Denmark
1846,20285,20940,41225,Denmark
1847,20683,21608,42291,Denmark
1848,20885,21862,42747,Denmark
1849,21567,22078,43645,Denmark
1850,21684,23084,44768,Denmark
1851,21178,22160,43338,Denmark
1852,23602,24788,48390,Denmark
1853,22694,23920,46614,Denmark
1854,23914,24811,48725,Denmark
1855,23446,24714,48160,Denmark
1856,24402,25151,49553,Denmark
1857,24905,26149,51054,Denmark
1858,25644,26471,52115,Denmark
1859,25946,27415,53361,Denmark
1860,25532,27004,52536,Denmark
1861,25281,26335,51616,Denmark
1862,24828,26114,50942,Denmark
1863,25144,26557,51701,Denmark
1864,24678,26119,50797,Denmark
1865,25982,27236,53218,Denmark
1866,26666,28475,55141,Denmark
1867,25842,26858,52700,Denmark
1868,26663,27827,54490,Denmark
1869,25647,26462,52109,Denmark
1870,26442,27978,54420,Denmark
1871,26509,27887,54396,Denmark
1872,26922,28299,55221,Denmark
1873,27573,28998,56571,Denmark
1874,27869,29409,57278,Denmark
1875,29130,30619,59749,Denmark
1876,30115,31673,61788,Denmark
1877,30411,31433,61844,Denmark
1878,29849,31441,61290,Denmark
1879,30395,32060,62455,Denmark
1880,30512,32100,62612,Denmark
1881,31244,32901,64145,Denmark
1882,31751,33319,65070,Denmark
1883,31305,33169,64474,Denmark
1884,33217,35123,68340,Denmark
1885,32900,34564,67464,Denmark
1886,33265,34797,68062,Denmark
1887,32962,34455,67417,Denmark
1888,32961,34466,67427,Denmark
1889,32810,34575,67385,Denmark
1890,32281,34095,66376,Denmark
1891,33080,34857,67937,Denmark
1892,31930,33538,65468,Denmark
1893,33476,35054,68530,Denmark
1894,33105,35195,68300,Denmark
1895,33471,35400,68871,Denmark
1896,34432,35839,70271,Denmark
1897,33664,35912,69576,Denmark
1898,34965,36705,71670,Denmark
1899,34804,36551,71355,Denmark
1900,35087,37042,72129,Denmark
1901,35867,37352,73219,Denmark
1902,35422,37417,72839,Denmark
1903,35274,37077,72351,Denmark
1904,35803,37889,73692,Denmark
1905,35472,37610,73082,Denmark
1906,36181,38036,74217,Denmark
1907,36189,38135,74324,Denmark
1908,37405,38828,76233,Denmark
1909,37130,39171,76301,Denmark
1910,36677,38622,75299,Denmark
1911,36135,37798,73933,Denmark
1912,36338,38321,74659,Denmark
1913,35481,36994,72475,Denmark
1914,35785,37509,73294,Denmark
1915,34210,35982,70192,Denmark
1916,34829,36730,71559,Denmark
1917,34380,35926,70306,Denmark
1918,35260,37245,72505,Denmark
1919,33286,35436,68722,Denmark
1920,38268,39962,78230,Denmark
1921,38347,40468,78815,Denmark
1922,35736,38163,73899,Denmark
1923,36390,38437,74827,Denmark
1924,35926,37910,73836,Denmark
1925,35193,36704,71897,Denmark
1926,34447,36287,70734,Denmark
1927,33079,34945,68024,Denmark
1928,33250,35266,68516,Denmark
1929,31794,33503,65297,Denmark
1930,32425,33878,66303,Denmark
1931,31199,33067,64266,Denmark
1932,31630,33020,64650,Denmark
1933,30371,32409,62780,Denmark
1934,31516,33600,65116,Denmark
1935,31591,33632,65223,Denmark
1936,32371,34047,66418,Denmark
1937,33044,34396,67440,Denmark
1938,33232,35230,68462,Denmark
1939,32801,35113,67914,Denmark
1940,34194,35927,70121,Denmark
1941,34607,36699,71306,Denmark
1942,38569,40976,79545,Denmark
1943,41048,43271,84319,Denmark
1944,43822,46819,90641,Denmark
1945,45838,49224,95062,Denmark
1946,46447,49664,96111,Denmark
1947,44386,47328,91714,Denmark
1948,41081,43857,84938,Denmark
1949,38802,41117,79919,Denmark
1950,38824,40734,79558,Denmark
1951,36951,39608,76559,Denmark
1952,37311,39632,76943,Denmark
1953,37762,40499,78261,Denmark
1954,37056,39309,76365,Denmark
1955,37120,39725,76845,Denmark
1956,37187,39538,76725,Denmark
1957,36425,38839,75264,Denmark
1958,36225,38456,74681,Denmark
1959,35942,37986,73928,Denmark
1960,37118,38959,76077,Denmark
1961,37264,39175,76439,Denmark
1962,37959,39849,77808,Denmark
1963,40127,42286,82413,Denmark
1964,40350,43006,83356,Denmark
1965,41645,44151,85796,Denmark
1966,42920,45412,88332,Denmark
1967,39619,41791,81410,Denmark
1968,36052,38491,74543,Denmark
1969,34431,36867,71298,Denmark
1970,34420,36382,70802,Denmark
1971,36404,38955,75359,Denmark
1972,36813,38692,75505,Denmark
1973,34996,36899,71895,Denmark
1974,34771,36556,71327,Denmark
1975,35260,36811,72071,Denmark
1976,31533,33734,65267,Denmark
1977,30055,31823,61878,Denmark
1978,30161,31875,62036,Denmark
1979,28909,30555,59464,Denmark
1980,27941,29352,57293,Denmark
1981,25972,27117,53089,Denmark
1982,25595,27063,52658,Denmark
1983,24821,26001,50822,Denmark
1984,25228,26572,51800,Denmark
1985,26284,27465,53749,Denmark
1986,26878,28434,55312,Denmark
1987,27142,29079,56221,Denmark
1988,28520,30324,58844,Denmark
1989,29876,31475,61351,Denmark
1990,30813,32620,63433,Denmark
1991,31353,33005,64358,Denmark
1992,32914,34812,67726,Denmark
1993,32760,34609,67369,Denmark
1994,34027,35639,69666,Denmark
1995,33885,35886,69771,Denmark
1996,32819,34819,67638,Denmark
1997,32899,34749,67648,Denmark
1998,32116,34058,66174,Denmark
1999,32341,33879,66220,Denmark
2000,32652,34432,67084,Denmark
2001,31961,33497,65458,Denmark
2002,31109,32966,64075,Denmark
2003,31441,33158,64599,Denmark
2004,31539,33070,64609,Denmark
2005,31459,32823,64282,Denmark
2006,31580,33404,64984,Denmark
2007,31267,32815,64082,Denmark
2008,31507,33531,65038,Denmark
2009,30557,32261,62818,Denmark
2010,30946,32465,63411,Denmark
2011,28984,30014,58998,Denmark
2012,28131,29785,57916,Denmark
2013,27283,28590,55873,Denmark
2014,27616,29254,56870,Denmark
2015,28357,29848,58205,Denmark
2016,29833,31781,61614,Denmark
2017,29930,31467,61397,Denmark
2018,29865,31611,61476,Denmark
2019,29648,31519,61167,Denmark
2020,29762,31175,60937,Denmark
2021,30901,32572,63473,Denmark
2022,28302,30128,58430,Denmark
1959,9643,10303,19946,Estonia
1960,9768,10415,20183,Estonia
1961,9946,10308,20254,Estonia
1962,9549,10412,19961,Estonia
1963,9308,9972,19280,Estonia
1964,9415,10223,19638,Estonia
1965,9248,9666,18914,Estonia
1966,9027,9614,18641,Estonia
1967,9208,9485,18693,Estonia
1968,9595,10197,19792,Estonia
1969,10132,10734,20866,Estonia
1970,10577,10975,21552,Estonia
1971,10686,11432,22118,Estonia
1972,10578,11179,21757,Estonia
1973,10294,10945,21239,Estonia
1974,10515,10946,21461,Estonia
1975,10237,11123,21360,Estonia
1976,10680,11121,21801,Estonia
1977,10642,11335,21977,Estonia
1978,10678,11164,21842,Estonia
1979,10574,11305,21879,Estonia
1980,10795,11409,22204,Estonia
1981,11106,11831,22937,Estonia
1982,11266,11862,23128,Estonia
1983,11749,12406,24155,Estonia
1984,11893,12341,24234,Estonia
1985,11568,12062,23630,Estonia
1986,11721,12385,24106,Estonia
1987,12092,12994,25086,Estonia
1988,12287,12773,25060,Estonia
1989,11755,12563,24318,Estonia
1990,10822,11482,22304,Estonia
1991,9450,9963,19413,Estonia
1992,8778,9260,18038,Estonia
1993,7318,7935,15253,Estonia
1994,6946,7230,14176,Estonia
1995,6567,6942,13509,Estonia
1996,6429,6813,13242,Estonia
1997,6049,6528,12577,Estonia
1998,5884,6283,12167,Estonia
1999,6058,6367,12425,Estonia
2000,6243,6824,13067,Estonia
2001,6101,6531,12632,Estonia
2002,6382,6619,13001,Estonia
2003,6409,6627,13036,Estonia
2004,6816,7176,13992,Estonia
2005,6864,7486,14350,Estonia
2006,7121,7756,14877,Estonia
2007,7675,8100,15775,Estonia
2008,7769,8259,16028,Estonia
2009,7741,8022,15763,Estonia
2010,7659,8166,15825,Estonia
2011,7124,7555,14679,Estonia
2012,6864,7192,14056,Estonia
2013,6630,6901,13531,Estonia
2014,6630,6921,13551,Estonia
2015,6735,7172,13907,Estonia
2016,6688,7365,14053,Estonia
2017,6593,7191,13784,Estonia
2018,7022,7345,14367,Estonia
2019,6887,7212,14099,Estonia
1859,29976,31478,61454,Finland
1860,30820,32363,63183,Finland
1861,32470,34064,66534,Finland
1862,32493,33835,66328,Finland
1863,31619,33364,64983,Finland
1864,34878,36429,71307,Finland
1865,30645,32135,62780,Finland
1866,28745,30108,58853,Finland
1867,29013,30151,59164,Finland
1868,21334,22423,43757,Finland
1869,28379,30016,58395,Finland
1870,31185,32563,63748,Finland
1871,32661,33906,66567,Finland
1872,32269,33920,66189,Finland
1873,33325,35097,68422,Finland
1874,34528,36370,70898,Finland
1875,33821,35700,69521,Finland
1876,34873,35886,70759,Finland
1877,36637,38194,74831,Finland
1878,33880,36395,70275,Finland
1879,37189,38961,76150,Finland
1880,36423,38361,74784,Finland
1881,35209,37227,72436,Finland
1882,37000,39053,76053,Finland
1883,37401,38977,76378,Finland
1884,38118,40029,78147,Finland
1885,36582,38547,75129,Finland
1886,38361,40215,78576,Finland
1887,40033,41691,81724,Finland
1888,39280,40892,80172,Finland
1889,37758,40123,77881,Finland
1890,37837,40023,77860,Finland
1891,40069,42059,82128,Finland
1892,37182,39251,76433,Finland
1893,35453,37577,73030,Finland
1894,37193,39013,76206,Finland
1895,39808,41975,81783,Finland
1896,39868,41788,81656,Finland
1897,40007,42323,82330,Finland
1898,43344,45762,89106,Finland
1899,43032,45326,88358,Finland
1900,41904,44435,86339,Finland
1901,43147,45490,88637,Finland
1902,42280,44802,87082,Finland
1903,41357,43763,85120,Finland
1904,43909,46344,90253,Finland
1905,42992,44849,87841,Finland
1906,44429,46972,91401,Finland
1907,45041,47416,92457,Finland
1908,44651,47495,92146,Finland
1909,46215,48790,95005,Finland
1910,45239,47745,92984,Finland
1911,43978,47260,91238,Finland
1912,44752,47523,92275,Finland
1913,42185,45065,87250,Finland
1914,42549,45028,87577,Finland
1915,40468,42838,83306,Finland
1916,38716,40937,79653,Finland
1917,39320,41726,81046,Finland
1918,38587,40907,79494,Finland
1919,30829,33067,63896,Finland
1920,41070,43644,84714,Finland
1921,39953,42212,82165,Finland
1922,38907,41233,80140,Finland
1923,39639,42322,81961,Finland
1924,37757,40300,78057,Finland
1925,37906,40354,78260,Finland
1926,37394,39481,76875,Finland
1927,36638,38973,75611,Finland
1928,37608,39915,77523,Finland
1929,37043,38968,76011,Finland
1930,36648,38588,75236,Finland
1931,34723,37143,71866,Finland
1932,33878,35474,69352,Finland
1933,31628,33419,65047,Finland
1934,33137,34576,67713,Finland
1935,33764,36178,69942,Finland
1936,33545,35350,68895,Finland
1937,35077,37242,72319,Finland
1938,37106,39589,76695,Finland
1939,38300,39864,78164,Finland
1940,32031,33818,65849,Finland
1941,43359,46206,89565,Finland
1942,29959,31713,61672,Finland
1943,36814,39298,76112,Finland
1944,38468,40978,79446,Finland
1945,46306,49452,95758,Finland
1946,51609,54466,106075,Finland
1947,52500,55668,108168,Finland
1948,52471,55288,107759,Finland
1949,50239,53276,103515,Finland
1950,47723,50342,98065,Finland
1951,45354,47709,93063,Finland
1952,45924,48390,94314,Finland
1953,44250,46616,90866,Finland
1954,44096,45749,89845,Finland
1955,43672,46068,89740,Finland
1956,43350,45546,88896,Finland
1957,42340,44645,86985,Finland
1958,39701,41447,81148,Finland
1959,40600,42653,83253,Finland
1960,40101,42028,82129,Finland
1961,40128,41868,81996,Finland
1962,39741,41713,81454,Finland
1963,40121,42130,82251,Finland
1964,39219,41209,80428,Finland
1965,38031,39854,77885,Finland
1966,38146,39551,77697,Finland
1967,37650,39639,77289,Finland
1968,36053,37601,73654,Finland
1969,32833,34617,67450,Finland
1970,31545,33014,64559,Finland
1971,29978,31089,61067,Finland
1972,28489,30375,58864,Finland
1973,27487,29300,56787,Finland
1974,30619,31853,62472,Finland
1975,31902,33817,65719,Finland
1976,32540,34306,66846,Finland
1977,32035,33624,65659,Finland
1978,31145,32838,63983,Finland
1979,31205,32223,63428,Finland
1980,30715,32349,63064,Finland
1981,31016,32453,63469,Finland
1982,32101,34005,66106,Finland
1983,32698,34194,66892,Finland
1984,31846,33230,65076,Finland
1985,30784,32012,62796,Finland
1986,29597,31035,60632,Finland
1987,29196,30631,59827,Finland
1988,30943,32373,63316,Finland
1989,30946,32402,63348,Finland
1990,32010,33539,65549,Finland
1991,32134,33261,65395,Finland
1992,32584,34147,66731,Finland
1993,31825,33001,64826,Finland
1994,32051,33180,65231,Finland
1995,30857,32210,63067,Finland
1996,29581,31142,60723,Finland
1997,29185,30144,59329,Finland
1998,27975,29133,57108,Finland
1999,28174,29400,57574,Finland
2000,27492,29250,56742,Finland
2001,27488,28701,56189,Finland
2002,26992,28563,55555,Finland
2003,27791,28839,56630,Finland
2004,28074,29684,57758,Finland
2005,28342,29400,57742,Finland
2006,28835,30005,58840,Finland
2007,28593,30136,58729,Finland
2008,29115,30415,59530,Finland
2009,29635,30795,60430,Finland
2010,29671,31309,60980,Finland
2011,29415,30546,59961,Finland
2012,29185,30308,59493,Finland
2013,28276,29858,58134,Finland
2014,27960,29272,57232,Finland
2015,27003,28469,55472,Finland
2016,26002,26812,52814,Finland
2017,24647,25674,50321,Finland
2018,22947,24630,47577,Finland
2019,22427,23186,45613,Finland
2020,22685,23778,46463,Finland
2021,24307,25287,49594,Finland
2022,21991,22960,44951,Finland
1806,444393,471786,916179,France
1807,449401,475716,925117,France
1808,443217,469623,912840,France
1809,451457,481934,933391,France
1810,450887,480912,931799,France
1811,447114,479790,926904,France
1812,426933,457012,883945,France
1813,432419,463161,895580,France
1814,480878,513204,994082,France
1815,462683,490458,953141,France
1816,468549,500385,968934,France
1817,456330,488145,944475,France
1818,442953,471624,914577,France
1819,478645,508922,987567,France
1820,465161,494820,959981,France
1821,466886,498478,965364,France
1822,471765,500867,972632,France
1823,467305,496022,963327,France
1824,476490,507668,984158,France
1825,470334,503168,973502,France
1826,480855,511411,992266,France
1827,474769,505366,980135,France
1828,475153,501796,976949,France
1829,468975,496495,965470,France
1830,471086,496914,968000,France
1831,477623,509220,986843,France
1832,454185,483249,937434,France
1833,469119,501059,970178,France
1834,477772,508718,986490,France
1835,481465,512368,993833,France
1836,475330,504416,979746,France
1837,458020,485721,943741,France
1838,467279,495820,963099,France
1839,465017,493172,958189,France
1840,462963,489424,952387,France
1841,474037,502716,976753,France
1842,476540,506450,982990,France
1843,475469,502927,978396,France
1844,466781,492703,959484,France
1845,477649,504878,982527,France
1846,469857,496009,965866,France
1847,440951,460910,901861,France
1848,457683,482473,940156,France
1849,479791,506057,985848,France
1850,464438,489802,954240,France
1851,474665,496606,971271,France
1852,470103,494856,964959,France
1853,454651,482316,936967,France
1854,449627,473834,923461,France
1855,438896,463440,902336,France
1856,463745,488371,952116,France
1857,458373,482336,940709,France
1858,472851,496492,969343,France
1859,495780,522116,1017896,France
1860,467229,489646,956875,France
1861,490343,514735,1005078,France
1862,484856,510311,995167,France
1863,494213,518581,1012794,France
1864,489720,516160,1005880,France
1865,490408,515345,1005753,France
1866,490122,516136,1006258,France
1867,493386,514369,1007755,France
1868,480638,503502,984140,France
1869,462643,485883,948526,France
1870,460740,482775,943515,France
1871,403242,422879,826121,France
1872,471519,494481,966000,France
1873,461613,484751,946364,France
1874,465030,489622,954652,France
1875,463694,487281,950975,France
1876,472364,494318,966682,France
1877,461944,482632,944576,France
1878,457790,479527,937317,France
1879,457918,478611,936529,France
1880,450996,469181,920177,France
1881,456496,480561,937057,France
1882,457571,477995,935566,France
1883,457626,480318,937944,France
1884,458419,479339,937758,France
1885,450178,474380,924558,France
1886,447315,465523,912838,France
1887,440149,459184,899333,France
1888,431253,451386,882639,France
1889,430211,450368,880579,France
1890,409907,428152,838059,France
1891,423150,443227,866377,France
1892,418047,437800,855847,France
1893,427715,446957,874672,France
1894,418725,436663,855388,France
1895,408284,425889,834173,France
1896,423965,441621,865586,France
1897,420824,438283,859107,France
1898,412568,431365,843933,France
1899,417618,435485,853103,France
1900,407631,425139,832770,France
1901,422860,440012,862872,France
1902,416494,434410,850904,France
1903,407737,424343,832080,France
1904,403706,419836,823542,France
1905,397596,414908,812504,France
1906,397710,414266,811976,France
1907,379783,397950,777733,France
1908,388927,408409,797336,France
1909,378562,395960,774522,France
1910,380859,398478,779337,France
1911,365811,381304,747115,France
1912,368496,386651,755147,France
1913,366443,384341,750784,France
1914,292894,304592,597486,France
1915,190141,199213,389354,France
1916,153720,161439,315159,France
1917,168276,176461,344737,France
1918,194565,207534,402099,France
1919,197134,209185,406319,France
1920,406101,432036,838137,France
1921,398074,418451,816525,France
1922,372584,391789,764373,France
1923,372707,393181,765888,France
1924,369998,387875,757873,France
1925,377426,397029,774455,France
1926,377079,394611,771690,France
1927,365864,382238,748102,France
1928,367373,386197,753570,France
1929,358708,375432,734140,France
1930,369376,384644,754020,France
1931,360700,376911,737611,France
1932,354977,371322,726299,France
1933,334427,347967,682394,France
1934,333554,347964,681518,France
1935,315524,328346,643870,France
1936,311360,322984,634344,France
1937,304524,316929,621453,France
1938,301362,314220,615582,France
1939,287746,298980,586726,France
1940,263864,274892,538756,France
1941,242979,252585,495564,France
1942,266364,281487,547851,France
1943,284103,301991,586094,France
1944,293035,310767,603802,France
1945,304142,321638,625780,France
1946,410079,433825,843904,France
1947,422962,447510,870472,France
1948,422938,447898,870836,France
1949,425151,447510,872661,France
1950,420515,441795,862310,France
1951,402925,423797,826722,France
1952,400658,421546,822204,France
1953,392097,412599,804696,France
1954,394676,416078,810754,France
1955,393758,412159,805917,France
1956,393370,413546,806916,France
1957,398833,417634,816467,France
1958,396994,415221,812215,France
1959,404844,424405,829249,France
1960,400044,419775,819819,France
1961,409756,428877,838633,France
1962,406434,425919,832353,France
1963,425032,443844,868876,France
1964,428293,449511,877804,France
1965,422298,443390,865688,France
1966,421399,442128,863527,France
1967,409927,430641,840568,France
1968,408173,427623,835796,France
1969,410899,431346,842245,France
1970,413782,436599,850381,France
1971,429306,451978,881284,France
1972,426839,450667,877506,France
1973,416996,440190,857186,France
1974,389779,411439,801218,France
1975,363261,381804,745065,France
1976,350956,369439,720395,France
1977,362407,382337,744744,France
1978,358781,378281,737062,France
1979,368750,388604,757354,France
1980,389829,410547,800376,France
1981,392003,413480,805483,France
1982,388018,409205,797223,France
1983,364866,383659,748525,France
1984,370629,389310,759939,France
1985,374319,394112,768431,France
1986,379269,399199,778468,France
1987,374597,393231,767828,France
1988,375829,395439,771268,France
1989,373824,391649,765473,France
1990,371095,391312,762407,France
1991,369817,389239,759056,France
1992,361914,381744,743658,France
1993,347021,364589,711610,France
1994,346716,364277,710993,France
1995,356200,373409,729609,France
1996,357335,377003,734338,France
1997,353611,373157,726768,France
1998,360005,378075,738080,France
1999,362659,382132,744791,France
2000,377430,397352,774782,France
2001,376648,394297,770945,France
2002,371649,389981,761630,France
2003,372115,389349,761464,France
2004,374339,393477,767816,France
2005,378009,396346,774355,France
2006,389050,407846,796896,France
2007,383688,402297,785985,France
2008,389260,406784,796044,France
2009,387518,405902,793420,France
2010,392084,410140,802224,France
2011,387790,405206,792996,France
2012,385516,404774,790290,France
2013,381472,400149,781621,France
2014,381883,399284,781167,France
2015,371240,389181,760421,France
2016,363387,381310,744697,France
2017,356526,373716,730242,France
2018,350616,369121,719737,France
2019,349105,364924,714029,France
2020,340275,356389,696664,France
1990,440296,465379,905675,Germany
1991,403921,426098,830019,Germany
1992,394307,414807,809114,Germany
1993,388376,410071,798447,Germany
1994,373734,395869,769603,Germany
1995,372492,392729,765221,Germany
1996,386800,409213,796013,Germany
1997,395167,417006,812173,Germany
1998,382169,402865,785034,Germany
1999,374448,396296,770744,Germany
2000,373676,393323,766999,Germany
2001,356889,377586,734475,Germany
2002,349973,369277,719250,Germany
2003,344012,362709,706721,Germany
2004,343605,362017,705622,Germany
2005,334038,351757,685795,Germany
2006,326908,345816,672724,Germany
2007,333023,351839,684862,Germany
2008,332652,349862,682514,Germany
2009,323887,341249,665136,Germany
2010,330710,347237,677947,Germany
2011,322786,339899,662685,Germany
2012,327915,345629,673544,Germany
2013,332249,349820,682069,Germany
2014,348092,366835,714927,Germany
2015,359097,378478,737575,Germany
2016,386546,405585,792131,Germany
2017,382374,402510,784884,Germany
2018,383471,404052,787523,Germany
2019,378798,399292,778090,Germany
2020,375759,397385,773144,Germany
1981,67909,73044,140953,Greece
1982,66202,71073,137275,Greece
1983,63762,68846,132608,Greece
1984,60598,65126,125724,Greece
1985,56059,60422,116481,Greece
1986,54388,58422,112810,Greece
1987,51704,54688,106392,Greece
1988,51884,55621,107505,Greece
1989,49176,52481,101657,Greece
1990,49807,52422,102229,Greece
1991,49930,52690,102620,Greece
1992,50014,54067,104081,Greece
1993,49370,52429,101799,Greece
1994,50096,53667,103763,Greece
1995,48795,52700,101495,Greece
1996,49208,51510,100718,Greece
1997,49432,52606,102038,Greece
1998,48902,51992,100894,Greece
1999,48759,51884,100643,Greece
2000,50125,53149,103274,Greece
2001,49051,53231,102282,Greece
2002,50427,53142,103569,Greece
2003,50706,53714,104420,Greece
2004,51050,54605,105655,Greece
2005,52006,55539,107545,Greece
2006,54303,57739,112042,Greece
2007,53967,57959,111926,Greece
2008,57336,60966,118302,Greece
2009,57101,60832,117933,Greece
2010,55639,59127,114766,Greece
2011,51566,54862,106428,Greece
2012,48717,51654,100371,Greece
2013,45704,48430,94134,Greece
2014,44765,47384,92149,Greece
2015,44553,47294,91847,Greece
2016,45016,47882,92898,Greece
2017,42867,45686,88553,Greece
2018,41915,44525,86440,Greece
2019,40818,42945,83763,Greece
1948,22175,25300,47475,Hong Kong
1949,26236,28538,54774,Hong Kong
1950,28855,31745,60600,Hong Kong
1951,32555,35945,68500,Hong Kong
1952,34406,37570,71976,Hong Kong
1953,36002,39542,75544,Hong Kong
1954,40024,43293,83317,Hong Kong
1955,43186,47325,90511,Hong Kong
1956,46748,49998,96746,Hong Kong
1957,46567,51267,97834,Hong Kong
1958,51024,55600,106624,Hong Kong
1959,50194,54385,104579,Hong Kong
1960,53619,57048,110667,Hong Kong
1961,53523,57361,110884,Hong Kong
1962,54342,58161,112503,Hong Kong
1963,55486,59064,114550,Hong Kong
1964,52237,55388,107625,Hong Kong
1965,49081,52029,101110,Hong Kong
1966,44343,47489,91832,Hong Kong
1967,42547,45668,88215,Hong Kong
1968,40077,42608,82685,Hong Kong
1969,40002,42480,82482,Hong Kong
1970,38398,40734,79132,Hong Kong
1971,38693,41096,79789,Hong Kong
1972,38868,41476,80344,Hong Kong
1973,39835,42417,82252,Hong Kong
1974,40614,42967,83581,Hong Kong
1975,38255,41535,79790,Hong Kong
1976,37731,40780,78511,Hong Kong
1977,38689,41333,80022,Hong Kong
1978,39184,41773,80957,Hong Kong
1979,39623,42352,81975,Hong Kong
1980,41189,44101,85290,Hong Kong
1981,42141,44610,86751,Hong Kong
1982,41769,44351,86120,Hong Kong
1983,40457,42836,83293,Hong Kong
1984,37354,39943,77297,Hong Kong
1985,36830,39296,76126,Hong Kong
1986,34703,36917,71620,Hong Kong
1987,33979,35979,69958,Hong Kong
1988,36366,39046,75412,Hong Kong
1989,33806,35815,69621,Hong Kong
1990,32616,35115,67731,Hong Kong
1991,33084,35197,68281,Hong Kong
1992,34249,36700,70949,Hong Kong
1993,33946,36505,70451,Hong Kong
1994,34368,37278,71646,Hong Kong
1995,33071,35566,68637,Hong Kong
1996,30627,32664,63291,Hong Kong
1997,28370,30880,59250,Hong Kong
1998,25259,27718,52977,Hong Kong
1999,24569,26712,51281,Hong Kong
2000,25854,28280,54134,Hong Kong
2001,23059,25160,48219,Hong Kong
2002,23254,24955,48209,Hong Kong
2003,22559,24406,46965,Hong Kong
2004,23969,25827,49796,Hong Kong
2005,27218,29880,57098,Hong Kong
2006,31031,34595,65626,Hong Kong
2007,33427,37448,70875,Hong Kong
2008,36894,41928,78822,Hong Kong
2009,38129,43966,82095,Hong Kong
2010,41218,47366,88584,Hong Kong
2011,44165,51286,95451,Hong Kong
2012,42781,48777,91558,Hong Kong
2013,27278,29806,57084,Hong Kong
2014,30043,32262,62305,Hong Kong
2015,28660,31218,59878,Hong Kong
2016,29132,31724,60856,Hong Kong
2017,27312,29236,56548,Hong Kong
2018,25820,27896,53716,Hong Kong
2019,25161,27695,52856,Hong Kong
2020,20568,22463,43031,Hong Kong
1950,94168,101399,195567,Hungary
1951,92572,98073,190645,Hungary
1952,90016,95804,185820,Hungary
1953,100002,106924,206926,Hungary
1954,107439,115908,223347,Hungary
1955,101588,108842,210430,Hungary
1956,93158,99652,192810,Hungary
1957,80402,86800,167202,Hungary
1958,76289,82139,158428,Hungary
1959,73241,77953,151194,Hungary
1960,70673,75788,146461,Hungary
1961,67750,72615,140365,Hungary
1962,62901,67152,130053,Hungary
1963,64059,68276,132335,Hungary
1964,63761,68380,132141,Hungary
1965,64406,68603,133009,Hungary
1966,66824,71665,138489,Hungary
1967,71976,76910,148886,Hungary
1968,74813,79606,154419,Hungary
1969,74417,79901,154318,Hungary
1970,73453,78366,151819,Hungary
1971,73029,77611,150640,Hungary
1972,73956,79309,153265,Hungary
1973,75567,80657,156224,Hungary
1974,90401,95887,186288,Hungary
1975,94333,99907,194240,Hungary
1976,90055,95350,185405,Hungary
1977,86511,91063,177574,Hungary
1978,81705,86455,168160,Hungary
1979,78192,82172,160364,Hungary
1980,72558,76115,148673,Hungary
1981,69970,72920,142890,Hungary
1982,64781,68778,133559,Hungary
1983,62176,65082,127258,Hungary
1984,61292,64067,125359,Hungary
1985,63374,66826,130200,Hungary
1986,62667,65537,128204,Hungary
1987,61261,64579,125840,Hungary
1988,60506,63790,124296,Hungary
1989,60008,63296,123304,Hungary
1990,61463,64216,125679,Hungary
1991,62100,65107,127207,Hungary
1992,59210,62514,121724,Hungary
1993,56996,60037,117033,Hungary
1994,56189,59409,115598,Hungary
1995,54498,57556,112054,Hungary
1996,51084,54188,105272,Hungary
1997,48443,51907,100350,Hungary
1998,47345,49956,97301,Hungary
1999,45749,48896,94645,Hungary
2000,47355,50242,97597,Hungary
2001,47013,50034,97047,Hungary
2002,47109,49695,96804,Hungary
2003,45784,48863,94647,Hungary
2004,46359,48778,95137,Hungary
2005,47169,50327,97496,Hungary
2006,48755,51116,99871,Hungary
2007,47580,50033,97613,Hungary
2008,48326,50823,99149,Hungary
2009,46877,49565,96442,Hungary
2010,44056,46279,90335,Hungary
2011,42659,45390,88049,Hungary
2012,43595,46674,90269,Hungary
2013,43118,45571,88689,Hungary
2014,44637,46873,91510,Hungary
2015,44560,47130,91690,Hungary
2016,45266,47797,93063,Hungary
2017,44507,47070,91577,Hungary
2018,43683,46124,89807,Hungary
2019,43169,46024,89193,Hungary
2020,44835,47503,92338,Hungary
1838,927,924,1851,Iceland
1839,918,920,1838,Iceland
1840,935,1059,1994,Iceland
1841,1063,1055,2118,Iceland
1842,1025,1087,2112,Iceland
1843,963,1033,1996,Iceland
1844,950,963,1913,Iceland
1845,987,1060,2047,Iceland
1846,987,1086,2073,Iceland
1847,921,1002,1923,Iceland
1848,1053,1084,2137,Iceland
1849,1055,1089,2144,Iceland
1850,1110,1174,2284,Iceland
1851,1115,1195,2310,Iceland
1852,1180,1200,2380,Iceland
1853,1254,1224,2478,Iceland
1854,1197,1285,2482,Iceland
1855,1185,1260,2445,Iceland
1856,1192,1225,2417,Iceland
1857,1317,1347,2664,Iceland
1858,1422,1435,2857,Iceland
1859,1299,1301,2600,Iceland
1860,1170,1220,2390,Iceland
1861,1207,1238,2445,Iceland
1862,1278,1325,2603,Iceland
1863,1238,1313,2551,Iceland
1864,1323,1344,2667,Iceland
1865,1231,1428,2659,Iceland
1866,1263,1315,2578,Iceland
1867,1291,1377,2668,Iceland
1868,1186,1187,2373,Iceland
1869,1018,1103,2121,Iceland
1870,1042,1149,2191,Iceland
1871,1076,1119,2195,Iceland
1872,1086,1110,2196,Iceland
1873,1168,1201,2369,Iceland
1874,1117,1142,2259,Iceland
1875,1138,1130,2268,Iceland
1876,1173,1182,2355,Iceland
1877,1095,1088,2183,Iceland
1878,1159,1207,2366,Iceland
1879,1122,1127,2249,Iceland
1880,1118,1150,2268,Iceland
1881,1135,1189,2324,Iceland
1882,1116,1183,2299,Iceland
1883,992,1120,2112,Iceland
1884,1109,1206,2315,Iceland
1885,1105,1147,2252,Iceland
1886,1042,1095,2137,Iceland
1887,972,1036,2008,Iceland
1888,946,971,1917,Iceland
1889,1083,1097,2180,Iceland
1890,1069,1120,2189,Iceland
1891,1153,1205,2358,Iceland
1892,1104,1158,2262,Iceland
1893,1102,1211,2313,Iceland
1894,1067,1101,2168,Iceland
1895,1274,1203,2477,Iceland
1896,1145,1207,2352,Iceland
1897,1139,1241,2380,Iceland
1898,1125,1165,2290,Iceland
1899,1109,1134,2243,Iceland
1900,1124,1113,2237,Iceland
1901,1056,1123,2179,Iceland
1902,1092,1128,2220,Iceland
1903,1063,1181,2244,Iceland
1904,1078,1215,2293,Iceland
1905,1101,1170,2271,Iceland
1906,1095,1251,2346,Iceland
1907,1124,1180,2304,Iceland
1908,1094,1176,2270,Iceland
1909,1084,1199,2283,Iceland
1910,1010,1161,2171,Iceland
1911,1109,1096,2205,Iceland
1912,1077,1157,2234,Iceland
1913,1082,1134,2216,Iceland
1914,1132,1206,2338,Iceland
1915,1202,1244,2446,Iceland
1916,1112,1265,2377,Iceland
1917,1158,1269,2427,Iceland
1918,1216,1225,2441,Iceland
1919,1127,1215,2342,Iceland
1920,1251,1376,2627,Iceland
1921,1236,1365,2601,Iceland
1922,1276,1270,2546,Iceland
1923,1269,1343,2612,Iceland
1924,1216,1309,2525,Iceland
1925,1222,1332,2554,Iceland
1926,1317,1359,2676,Iceland
1927,1276,1366,2642,Iceland
1928,1213,1329,2542,Iceland
1929,1288,1356,2644,Iceland
1930,1395,1413,2808,Iceland
1931,1315,1489,2804,Iceland
1932,1290,1406,2696,Iceland
1933,1232,1299,2531,Iceland
1934,1262,1335,2597,Iceland
1935,1258,1293,2551,Iceland
1936,1274,1283,2557,Iceland
1937,1141,1256,2397,Iceland
1938,1143,1231,2374,Iceland
1939,1137,1226,2363,Iceland
1940,1242,1238,2480,Iceland
1941,1297,1337,2634,Iceland
1942,1482,1523,3005,Iceland
1943,1586,1587,3173,Iceland
1944,1523,1690,3213,Iceland
1945,1657,1777,3434,Iceland
1946,1609,1825,3434,Iceland
1947,1777,1929,3706,Iceland
1948,1919,1902,3821,Iceland
1949,1867,2017,3884,Iceland
1950,1941,2152,4093,Iceland
1951,2009,1990,3999,Iceland
1952,1923,2152,4075,Iceland
1953,2051,2203,4254,Iceland
1954,2050,2231,4281,Iceland
1955,2213,2292,4505,Iceland
1956,2224,2379,4603,Iceland
1957,2256,2469,4725,Iceland
1958,2290,2351,4641,Iceland
1959,2336,2501,4837,Iceland
1960,2369,2547,4916,Iceland
1961,2206,2357,4563,Iceland
1962,2301,2410,4711,Iceland
1963,2349,2471,4820,Iceland
1964,2412,2375,4787,Iceland
1965,2271,2450,4721,Iceland
1966,2296,2396,4692,Iceland
1967,2156,2248,4404,Iceland
1968,2014,2213,4227,Iceland
1969,2094,2124,4218,Iceland
1970,1952,2071,4023,Iceland
1971,2060,2217,4277,Iceland
1972,2287,2389,4676,Iceland
1973,2202,2396,4598,Iceland
1974,2072,2204,4276,Iceland
1975,2134,2250,4384,Iceland
1976,2060,2231,4291,Iceland
1977,1958,2038,3996,Iceland
1978,2038,2124,4162,Iceland
1979,2186,2289,4475,Iceland
1980,2209,2319,4528,Iceland
1981,2077,2268,4345,Iceland
1982,2081,2256,4337,Iceland
1983,2161,2210,4371,Iceland
1984,1998,2115,4113,Iceland
1985,1952,1904,3856,Iceland
1986,1890,1991,3881,Iceland
1987,1979,2214,4193,Iceland
1988,2229,2444,4673,Iceland
1989,2273,2287,4560,Iceland
1990,2337,2431,4768,Iceland
1991,2192,2341,4533,Iceland
1992,2230,2379,4609,Iceland
1993,2302,2321,4623,Iceland
1994,2153,2289,4442,Iceland
1995,2050,2230,4280,Iceland
1996,2115,2214,4329,Iceland
1997,1999,2152,4151,Iceland
1998,2050,2128,4178,Iceland
1999,2071,2029,4100,Iceland
2000,2120,2195,4315,Iceland
2001,1995,2096,4091,Iceland
2002,1983,2066,4049,Iceland
2003,2040,2103,4143,Iceland
2004,2058,2176,4234,Iceland
2005,2097,2183,4280,Iceland
2006,2157,2258,4415,Iceland
2007,2201,2359,4560,Iceland
2008,2365,2470,4835,Iceland
2009,2465,2561,5026,Iceland
2010,2384,2523,4907,Iceland
2011,2166,2326,4492,Iceland
2012,2216,2317,4533,Iceland
2013,2197,2129,4326,Iceland
2014,2142,2233,4375,Iceland
2015,2010,2119,4129,Iceland
2016,1992,2042,4034,Iceland
2017,1959,2112,4071,Iceland
2018,1986,2242,4228,Iceland
2019,2185,2267,4452,Iceland
2020,2127,2385,4512,Iceland
2021,2303,2576,4879,Iceland
1950,30698,32867,63565,Ireland
1951,30575,32303,62878,Ireland
1952,31605,33026,64631,Ireland
1953,30317,32241,62558,Ireland
1954,30447,32087,62534,Ireland
1955,30139,31483,61622,Ireland
1956,29483,31257,60740,Ireland
1957,29907,31335,61242,Ireland
1958,29012,30498,59510,Ireland
1959,29503,30685,60188,Ireland
1960,29594,31141,60735,Ireland
1961,29138,30687,59825,Ireland
1962,30132,31650,61782,Ireland
1963,30760,32486,63246,Ireland
1964,31313,32759,64072,Ireland
1965,31087,32438,63525,Ireland
1966,30042,32173,62215,Ireland
1967,29665,31642,61307,Ireland
1968,29535,31469,61004,Ireland
1969,30769,32143,62912,Ireland
1970,31198,33086,64284,Ireland
1971,32800,34751,67551,Ireland
1972,33152,35375,68527,Ireland
1973,33409,35304,68713,Ireland
1974,33475,35432,68907,Ireland
1975,32646,34532,67178,Ireland
1976,32869,34849,67718,Ireland
1977,33374,35518,68892,Ireland
1978,34533,35766,70299,Ireland
1979,35184,37355,72539,Ireland
1980,35797,38267,74064,Ireland
1981,35083,37075,72158,Ireland
1982,34587,36256,70843,Ireland
1983,32475,34642,67117,Ireland
1984,30840,33222,64062,Ireland
1985,30320,32068,62388,Ireland
1986,29745,31875,61620,Ireland
1987,28502,29931,58433,Ireland
1988,26517,28083,54600,Ireland
1989,25264,26754,52018,Ireland
1990,25485,27559,53044,Ireland
1991,25596,27122,52718,Ireland
1992,24782,26307,51089,Ireland
1993,23945,25359,49304,Ireland
1994,23298,24957,48255,Ireland
1995,23634,25153,48787,Ireland
1996,24305,26350,50655,Ireland
1997,25714,27061,52775,Ireland
1998,26121,27848,53969,Ireland
1999,26107,27817,53924,Ireland
2000,26614,28175,54789,Ireland
2001,28170,29684,57854,Ireland
2002,29490,31013,60503,Ireland
2003,30074,31455,61529,Ireland
2004,30006,31966,61972,Ireland
2005,29883,31489,61372,Ireland
2006,31770,33655,65425,Ireland
2007,34902,36487,71389,Ireland
2008,36554,38619,75173,Ireland
2009,36872,38682,75554,Ireland
2010,36779,38395,75174,Ireland
2011,36135,37898,74033,Ireland
2012,34784,36890,71674,Ireland
2013,33614,35340,68954,Ireland
2014,32614,34681,67295,Ireland
2015,32056,33480,65536,Ireland
2016,31132,32709,63841,Ireland
2017,30045,31779,61824,Ireland
2018,29716,31306,61022,Ireland
2019,29023,30271,59294,Ireland
2020,27057,28902,55959,Ireland
1983,47886,50838,98724,Israel
1984,47564,50914,98478,Israel
1985,48465,50911,99376,Israel
1986,48405,50936,99341,Israel
1987,48463,50559,99022,Israel
1988,48851,51603,100454,Israel
1989,49119,51638,100757,Israel
1990,50336,53013,103349,Israel
1991,51584,54141,105725,Israel
1992,53459,56603,110062,Israel
1993,54562,57768,112330,Israel
1994,55689,58854,114543,Israel
1995,56891,59995,116886,Israel
1996,58905,62428,121333,Israel
1997,60476,64002,124478,Israel
1998,63260,66820,130080,Israel
1999,64081,67855,131936,Israel
2000,66217,70173,136390,Israel
2001,66412,70224,136636,Israel
2002,68217,71318,139535,Israel
2003,70665,74271,144936,Israel
2004,70513,74694,145207,Israel
2005,69957,73956,143913,Israel
2006,72092,76078,148170,Israel
2007,73849,77830,151679,Israel
2008,76669,80254,156923,Israel
2009,78644,82398,161042,Israel
2010,80840,85415,166255,Israel
2011,81134,85162,166296,Israel
2012,83488,87452,170940,Israel
2013,83249,88195,171444,Israel
2014,85647,90780,176427,Israel
2015,86835,91888,178723,Israel
2016,88041,93364,181405,Israel
1862,404132,428922,833054,Italy
1863,418690,443700,862390,Italy
1864,409611,435843,845454,Italy
1865,419289,446098,865387,Italy
1866,424626,452291,876917,Italy
1867,448772,478624,927396,Italy
1868,436886,463530,900416,Italy
1869,459788,492346,952134,Italy
1870,460797,490698,951495,Italy
1871,464657,495363,960020,Italy
1872,494379,526303,1020682,Italy
1873,477146,508042,985188,Italy
1874,460427,491231,951658,Italy
1875,501866,533511,1035377,Italy
1876,525413,558308,1083721,Italy
1877,499170,529867,1029037,Italy
1878,490530,521945,1012475,Italy
1879,515194,548959,1064153,Italy
1880,464309,493591,957900,Italy
1881,524096,557029,1081125,Italy
1882,515380,545714,1061094,Italy
1883,520050,551402,1071452,Italy
1884,549328,581413,1130741,Italy
1885,545891,580079,1125970,Italy
1886,527519,559441,1086960,Italy
1887,559970,592936,1152906,Italy
1888,544482,575081,1119563,Italy
1889,557717,591480,1149197,Italy
1890,526725,556378,1083103,Italy
1891,550321,581818,1132139,Italy
1892,539786,570787,1110573,Italy
1893,547220,579076,1126296,Italy
1894,536523,566412,1102935,Italy
1895,530624,561478,1092102,Italy
1896,532610,562895,1095505,Italy
1897,535194,566654,1101848,Italy
1898,520144,549930,1070074,Italy
1899,530127,558431,1088558,Italy
1900,519440,547936,1067376,Italy
1901,513756,544007,1057763,Italy
1902,531404,561670,1093074,Italy
1903,506455,535635,1042090,Italy
1904,527746,557685,1085431,Italy
1905,527576,556942,1084518,Italy
1906,520723,550255,1070978,Italy
1907,516339,545994,1062333,Italy
1908,554063,584750,1138813,Italy
1909,544220,571611,1115831,Italy
1910,557675,586735,1144410,Italy
1911,531986,561559,1093545,Italy
1912,552151,581834,1133985,Italy
1913,547636,574846,1122482,Italy
1914,543226,570865,1114091,Italy
1915,540979,568204,1109183,Italy
1916,429322,452304,881626,Italy
1917,335580,355627,691207,Italy
1918,311556,328707,640263,Italy
1919,374686,395934,770620,Italy
1920,562027,596014,1158041,Italy
1921,544052,574292,1118344,Italy
1922,573449,602385,1175834,Italy
1923,563728,591429,1155157,Italy
1924,547624,577026,1124650,Italy
1925,540526,568039,1108565,Italy
1926,534445,560221,1094666,Italy
1927,532821,560951,1093772,Italy
1928,520153,552163,1072316,Italy
1929,505595,532105,1037700,Italy
1930,533662,559016,1092678,Italy
1931,500812,525385,1026197,Italy
1932,483124,507871,990995,Italy
1933,484947,511032,995979,Italy
1934,484152,508814,992966,Italy
1935,485764,510944,996708,Italy
1936,469382,493304,962686,Italy
1937,482760,509107,991867,Italy
1938,504522,532658,1037180,Italy
1939,505338,534875,1040213,Italy
1940,509285,537194,1046479,Italy
1941,455947,481599,937546,Italy
1942,449871,476192,926063,Italy
1943,428719,453386,882105,Italy
1944,395513,419233,814746,Italy
1945,396193,419485,815678,Italy
1946,502558,533540,1036098,Italy
1947,490781,520709,1011490,Italy
1948,489076,516775,1005851,Italy
1949,455404,481742,937146,Italy
1950,441417,467205,908622,Italy
1951,419456,441542,860998,Italy
1952,410849,433598,844447,Italy
1953,407814,431664,839478,Italy
1954,424635,446054,870689,Italy
1955,423189,446144,869333,Italy
1956,425427,448181,873608,Italy
1957,427764,451142,878906,Italy
1958,423789,446679,870468,Italy
1959,437709,463308,901017,Italy
1960,442822,467370,910192,Italy
1961,452438,477219,929657,Italy
1962,456519,480738,937257,Italy
1963,467582,492754,960336,Italy
1964,493962,522158,1016120,Italy
1965,481683,508775,990458,Italy
1966,477216,502724,979940,Italy
1967,462119,486653,948772,Italy
1968,452560,477612,930172,Italy
1969,453831,478635,932466,Italy
1970,437880,463592,901472,Italy
1971,440350,465832,906182,Italy
1972,430160,458043,888203,Italy
1973,424547,449999,874546,Italy
1974,421751,447131,868882,Italy
1975,401692,426160,827852,Italy
1976,378910,402728,781638,Italy
1977,359945,381158,741103,Italy
1978,344202,364841,709043,Italy
1979,325173,345048,670221,Italy
1980,309423,330978,640401,Italy
1981,302782,320321,623103,Italy
1982,300746,318351,619097,Italy
1983,292015,309913,601928,Italy
1984,285376,302495,587871,Italy
1985,280624,296721,577345,Italy
1986,269218,286227,555445,Italy
1987,266945,284594,551539,Italy
1988,276075,293623,569698,Italy
1989,271949,288739,560688,Italy
1990,276181,293074,569255,Italy
1991,272803,289984,562787,Italy
1992,274877,292964,567841,Italy
1993,265961,283523,549484,Italy
1994,257855,275195,533050,Italy
1995,254613,270996,525609,Italy
1996,255950,272153,528103,Italy
1997,262212,277836,540048,Italy
1998,258423,274420,532843,Italy
1999,261096,276146,537242,Italy
2000,263086,279953,543039,Italy
2001,260091,275191,535282,Italy
2002,261686,276512,538198,Italy
2003,258300,272974,531274,Italy
2004,273749,288850,562599,Italy
2005,268325,285697,554022,Italy
2006,271509,288501,560010,Italy
2007,273603,290330,563933,Italy
2008,280521,296138,576659,Italy
2009,276090,292767,568857,Italy
2010,272759,289185,561944,Italy
2011,265515,281070,546585,Italy
2012,259573,274613,534186,Italy
2013,250048,264260,514308,Italy
2014,244054,258542,502596,Italy
2015,235830,249950,485780,Italy
2016,230358,243080,473438,Italy
2017,222418,235733,458151,Italy
2018,213530,226217,439747,Italy
2019,204697,215387,420084,Italy
2020,196461,208431,404892,Italy
1873,411414,430145,841559,Japan
1874,426765,443470,870235,Japan
1875,441293,464476,905769,Japan
1876,458588,483275,941863,Japan
1877,455482,475302,930784,Japan
1878,446587,470226,916813,Japan
1879,451139,472940,924079,Japan
1880,457777,477421,935198,Japan
1881,493352,504142,997494,Japan
1882,485880,510182,996062,Japan
1883,537856,556118,1093974,Japan
1884,529050,545436,1074486,Japan
1885,561525,586413,1147938,Japan
1886,551734,574806,1126540,Japan
1887,537751,562523,1100274,Japan
1888,594104,619997,1214101,Japan
1889,614403,638653,1253056,Japan
1890,582540,607723,1190263,Japan
1891,555671,576600,1132271,Japan
1892,618668,644001,1262669,Japan
1893,607001,631131,1238132,Japan
1894,621939,651723,1273662,Japan
1895,642083,670373,1312456,Japan
1896,666848,684129,1350977,Japan
1897,687050,716708,1403758,Japan
1898,720857,737280,1458137,Japan
1899,693514,731146,1424660,Japan
1900,718919,750613,1469532,Japan
1901,761947,794922,1556869,Japan
1902,769317,800284,1569601,Japan
1903,759845,792140,1551985,Japan
1904,734786,765363,1500149,Japan
1905,751930,764600,1516530,Japan
1906,703248,757261,1460509,Japan
1907,835075,850055,1685130,Japan
1908,851093,882871,1733964,Japan
1909,868918,897094,1766012,Japan
1910,876994,904837,1781831,Japan
1911,896053,925143,1821196,Japan
1912,893925,923149,1817074,Japan
1913,900944,934035,1834979,Japan
1914,921703,960973,1882676,Japan
1915,920195,951757,1871952,Japan
1916,920482,952937,1873419,Japan
1917,925595,957692,1883287,Japan
1918,912006,944467,1856473,Japan
1919,906059,943640,1849699,Japan
1920,1022599,1065324,2087923,Japan
1921,1005463,1046971,2052434,Japan
1922,1000340,1037495,2037835,Japan
1923,1037157,1079714,2116871,Japan
1924,1013829,1053625,2067454,Japan
1925,1061362,1095049,2156411,Japan
1926,1057668,1116463,2174131,Japan
1927,1046974,1082351,2129325,Japan
1928,1079823,1124186,2204009,Japan
1929,1052613,1090949,2143562,Japan
1930,1049443,1103245,2152688,Japan
1931,1063541,1106690,2170231,Japan
1932,1101585,1153888,2255473,Japan
1933,1068716,1122116,2190832,Japan
1934,1034408,1075095,2109503,Japan
1935,1102492,1157512,2260004,Japan
1936,1058893,1108709,2167602,Japan
1937,1095056,1145719,2240775,Japan
1938,961203,1014237,1975440,Japan
1939,949434,994302,1943736,Japan
1940,1049599,1102038,2151637,Japan
1947,1318606,1394021,2712627,Japan
1948,1310812,1386368,2697180,Japan
1949,1322504,1385988,2708492,Japan
1950,1140313,1209253,2349566,Japan
1951,1049303,1100876,2150179,Japan
1952,985336,1036070,2021406,Japan
1953,918051,965192,1883243,Japan
1954,866151,919167,1785318,Japan
1955,848196,896861,1745057,Japan
1956,816291,863086,1679377,Japan
1957,768154,811982,1580136,Japan
1958,811468,855724,1667192,Japan
1959,796570,842188,1638758,Japan
1960,786710,830367,1617077,Japan
1961,776321,822216,1598537,Japan
1962,789258,837308,1626566,Japan
1963,810347,856127,1666474,Japan
1964,836947,885929,1722876,Japan
1965,891032,938388,1829420,Japan
1966,657867,707905,1365772,Japan
1967,945868,996199,1942067,Japan
1968,906027,970375,1876402,Japan
1969,914815,980930,1895745,Japan
1970,935487,1002149,1937636,Japan
1971,969861,1034967,2004828,Japan
1972,989382,1053687,2043069,Japan
1973,1016286,1079365,2095651,Japan
1974,984841,1047900,2032741,Japan
1975,923601,980353,1903954,Japan
1976,888788,943829,1832617,Japan
1977,851720,903380,1755100,Japan
1978,829494,879149,1708643,Japan
1979,796696,845884,1642580,Japan
1980,765471,811418,1576889,Japan
1981,742859,786596,1529455,Japan
1982,737537,777855,1515392,Japan
1983,733481,775206,1508687,Japan
1984,725183,764597,1489780,Japan
1985,696293,735284,1431577,Japan
1986,671645,711301,1382946,Japan
1987,654354,692304,1346658,Japan
1988,639123,674883,1314006,Japan
1989,606296,640506,1246802,Japan
1990,594614,626971,1221585,Japan
1991,594630,628615,1223245,Japan
1992,586853,622136,1208989,Japan
1993,578038,610244,1188282,Japan
1994,602413,635915,1238328,Japan
1995,578517,608547,1187064,Japan
1996,586762,619793,1206555,Japan
1997,580760,610905,1191665,Japan
1998,585733,617414,1203147,Japan
1999,572900,604769,1177669,Japan
2000,578399,612148,1190547,Japan
2001,569748,600918,1170666,Japan
2002,561021,592843,1153864,Japan
2003,546879,576747,1123626,Japan
2004,541182,569580,1110762,Japan
2005,517512,545060,1062572,Japan
2006,532263,560469,1092732,Japan
2007,530040,559939,1089979,Japan
2008,531902,559814,1091716,Japan
2009,521271,549247,1070518,Japan
2010,520815,550989,1071804,Japan
2011,512753,538531,1051284,Japan
2012,505644,532003,1037647,Japan
2013,502363,527891,1030254,Japan
2014,488269,515792,1004061,Japan
2015,490518,515738,1006256,Japan
2016,475561,502319,977880,Japan
2017,461878,484681,946559,Japan
2018,447743,471062,918805,Japan
2019,422005,443620,865625,Japan
2020,410269,430884,841153,Japan
2021,395719,415903,811622,Japan
1959,17119,17909,35028,Latvia
1960,17353,18115,35468,Latvia
1961,17487,18506,35993,Latvia
1962,16643,18418,35061,Latvia
1963,16486,17357,33843,Latvia
1964,16053,17000,33053,Latvia
1965,15080,16132,31212,Latvia
1966,15690,16284,31974,Latvia
1967,15613,16619,32232,Latvia
1968,15827,16866,32693,Latvia
1969,16022,16893,32915,Latvia
1970,16729,17604,34333,Latvia
1971,17343,17896,35239,Latvia
1972,16839,18168,35007,Latvia
1973,16618,17390,34008,Latvia
1974,16870,18050,34920,Latvia
1975,16911,17899,34810,Latvia
1976,16739,17905,34644,Latvia
1977,16675,17565,34240,Latvia
1978,16729,17529,34258,Latvia
1979,16816,17867,34683,Latvia
1980,17307,18227,35534,Latvia
1981,17279,18453,35732,Latvia
1982,18204,19273,37477,Latvia
1983,19770,20802,40572,Latvia
1984,20015,20832,40847,Latvia
1985,19309,20442,39751,Latvia
1986,20545,21415,41960,Latvia
1987,20528,21607,42135,Latvia
1988,19978,21297,41275,Latvia
1989,18858,20064,38922,Latvia
1990,18582,19336,37918,Latvia
1991,16912,17721,34633,Latvia
1992,15376,16193,31569,Latvia
1993,13155,13604,26759,Latvia
1994,11818,12438,24256,Latvia
1995,10370,11225,21595,Latvia
1996,9509,10273,19782,Latvia
1997,9064,9766,18830,Latvia
1998,8966,9444,18410,Latvia
1999,9446,9950,19396,Latvia
2000,9918,10384,20302,Latvia
2001,9709,10017,19726,Latvia
2002,9814,10313,20127,Latvia
2003,10224,10927,21151,Latvia
2004,9956,10595,20551,Latvia
2005,10697,11182,21879,Latvia
2006,11229,11642,22871,Latvia
2007,11763,12195,23958,Latvia
2008,11955,12442,24397,Latvia
2009,10842,11202,22044,Latvia
2010,9535,10246,19781,Latvia
2011,9176,9649,18825,Latvia
2012,9640,10257,19897,Latvia
2013,10138,10458,20596,Latvia
2014,10516,11230,21746,Latvia
2015,10537,11442,21979,Latvia
2016,10583,11385,21968,Latvia
2017,10031,10797,20828,Latvia
2018,9319,9995,19314,Latvia
2019,9157,9629,18786,Latvia
1959,30458,31783,62241,Lithuania
1960,30484,32001,62485,Lithuania
1961,30574,32201,62775,Lithuania
1962,29105,30623,59728,Lithuania
1963,27710,29314,57024,Lithuania
1964,27217,28639,55856,Lithuania
1965,26109,27709,53818,Lithuania
1966,26494,27781,54275,Lithuania
1967,26515,27291,53806,Lithuania
1968,26550,27708,54258,Lithuania
1969,26356,27907,54263,Lithuania
1970,26993,28526,55519,Lithuania
1971,27356,28688,56044,Lithuania
1972,26645,27971,54616,Lithuania
1973,25440,26504,51944,Lithuania
1974,25551,26390,51941,Lithuania
1975,25428,26338,51766,Lithuania
1976,25532,26764,52296,Lithuania
1977,25483,26683,52166,Lithuania
1978,25303,26518,51821,Lithuania
1979,25379,26558,51937,Lithuania
1980,25198,26567,51765,Lithuania
1981,25415,26834,52249,Lithuania
1982,26002,27139,53141,Lithuania
1983,27860,29729,57589,Lithuania
1984,28074,29502,57576,Lithuania
1985,28676,29778,58454,Lithuania
1986,28675,31030,59705,Lithuania
1987,28943,30417,59360,Lithuania
1988,27637,29090,56727,Lithuania
1989,27103,28679,55782,Lithuania
1990,27732,29136,56868,Lithuania
1991,27324,28895,56219,Lithuania
1992,26209,27408,53617,Lithuania
1993,22984,24480,47464,Lithuania
1994,20699,21677,42376,Lithuania
1995,20024,21171,41195,Lithuania
1996,19096,19970,39066,Lithuania
1997,18312,19500,37812,Lithuania
1998,17799,19220,37019,Lithuania
1999,17659,18756,36415,Lithuania
2000,16467,17682,34149,Lithuania
2001,15232,15953,31185,Lithuania
2002,14308,15233,29541,Lithuania
2003,14477,15500,29977,Lithuania
2004,14603,15166,29769,Lithuania
2005,14442,15068,29510,Lithuania
2006,14585,15021,29606,Lithuania
2007,14672,15348,30020,Lithuania
2008,15295,16241,31536,Lithuania
2009,15646,16519,32165,Lithuania
2010,14945,15731,30676,Lithuania
2011,14612,15656,30268,Lithuania
2012,14899,15560,30459,Lithuania
2013,14664,15221,29885,Lithuania
2014,14804,15565,30369,Lithuania
2015,15274,16201,31475,Lithuania
2016,14776,15847,30623,Lithuania
2017,13921,14775,28696,Lithuania
2018,13787,14362,28149,Lithuania
2019,13307,14086,27393,Lithuania
2020,12115,13029,25144,Lithuania
1950,2171,2230,4401,Luxembourg
1951,1989,2187,4176,Luxembourg
1952,2212,2323,4535,Luxembourg
1953,2207,2358,4565,Luxembourg
1954,2313,2400,4713,Luxembourg
1955,2258,2406,4664,Luxembourg
1956,2433,2400,4833,Luxembourg
1957,2337,2617,4954,Luxembourg
1958,2358,2601,4959,Luxembourg
1959,2419,2618,5037,Luxembourg
1960,2483,2536,5019,Luxembourg
1961,2529,2583,5112,Luxembourg
1962,2523,2614,5137,Luxembourg
1963,2473,2639,5112,Luxembourg
1964,2470,2759,5229,Luxembourg
1965,2587,2710,5297,Luxembourg
1966,2576,2618,5194,Luxembourg
1967,2370,2587,4957,Luxembourg
1968,2316,2464,4780,Luxembourg
1969,2204,2358,4562,Luxembourg
1970,2186,2225,4411,Luxembourg
1971,2126,2386,4512,Luxembourg
1972,1964,2174,4138,Luxembourg
1973,1850,1997,3847,Luxembourg
1974,1884,2041,3925,Luxembourg
1975,1952,2045,3997,Luxembourg
1976,1896,2019,3915,Luxembourg
1977,1948,2105,4053,Luxembourg
1978,1994,2078,4072,Luxembourg
1979,1999,2079,4078,Luxembourg
1980,2087,2082,4169,Luxembourg
1981,2090,2324,4414,Luxembourg
1982,2106,2194,4300,Luxembourg
1983,2068,2117,4185,Luxembourg
1984,2000,2192,4192,Luxembourg
1985,1982,2122,4104,Luxembourg
1986,2104,2205,4309,Luxembourg
1987,2079,2159,4238,Luxembourg
1988,2276,2327,4603,Luxembourg
1989,2290,2375,4665,Luxembourg
1990,2354,2582,4936,Luxembourg
1991,2429,2557,4986,Luxembourg
1992,2523,2626,5149,Luxembourg
1993,2560,2793,5353,Luxembourg
1994,2681,2770,5451,Luxembourg
1995,2639,2782,5421,Luxembourg
1996,2707,2982,5689,Luxembourg
1997,2670,2833,5503,Luxembourg
1998,2566,2820,5386,Luxembourg
1999,2714,2868,5582,Luxembourg
2000,2745,2978,5723,Luxembourg
2001,2668,2791,5459,Luxembourg
2002,2601,2744,5345,Luxembourg
2003,2489,2814,5303,Luxembourg
2004,2629,2823,5452,Luxembourg
2005,2587,2784,5371,Luxembourg
2006,2688,2826,5514,Luxembourg
2007,2723,2754,5477,Luxembourg
2008,2722,2874,5596,Luxembourg
2009,2722,2916,5638,Luxembourg
2010,2914,2960,5874,Luxembourg
2011,2726,2913,5639,Luxembourg
2012,2937,3089,6026,Luxembourg
2013,2986,3129,6115,Luxembourg
2014,2931,3139,6070,Luxembourg
2015,2947,3168,6115,Luxembourg
2016,2973,3077,6050,Luxembourg
2017,3003,3171,6174,Luxembourg
2018,3078,3196,6274,Luxembourg
2019,3123,3107,6230,Luxembourg
2020,3163,3296,6459,Luxembourg
2021,3273,3417,6690,Luxembourg
2022,3196,3299,6495,Luxembourg
1850,51994,55130,107124,Netherlands
1851,53157,56025,109182,Netherlands
1852,54361,57523,111884,Netherlands
1853,51495,54566,106061,Netherlands
1854,51556,54390,105946,Netherlands
1855,50551,53985,104536,Netherlands
1856,52316,55477,107793,Netherlands
1857,56339,59027,115366,Netherlands
1858,52860,55923,108783,Netherlands
1859,57188,60468,117656,Netherlands
1860,51750,55145,106895,Netherlands
1861,58028,61756,119784,Netherlands
1862,55250,58777,114027,Netherlands
1863,61001,65099,126100,Netherlands
1864,60946,64339,125285,Netherlands
1865,62417,65885,128302,Netherlands
1866,61618,65050,126668,Netherlands
1867,61944,65809,127753,Netherlands
1868,61899,65425,127324,Netherlands
1869,60973,64129,125102,Netherlands
1870,63919,67692,131611,Netherlands
1871,63631,66360,129991,Netherlands
1872,65049,68353,133402,Netherlands
1873,66094,69496,135590,Netherlands
1874,67119,70810,137929,Netherlands
1875,67929,72398,140327,Netherlands
1876,70339,74306,144645,Netherlands
1877,70556,74454,145010,Netherlands
1878,70365,74860,145225,Netherlands
1879,72740,76858,149598,Netherlands
1880,71203,75060,146263,Netherlands
1881,70764,74676,145440,Netherlands
1882,72338,76499,148837,Netherlands
1883,71218,75341,146559,Netherlands
1884,73247,77665,150912,Netherlands
1885,73044,77477,150521,Netherlands
1886,74628,78722,153350,Netherlands
1887,73799,77837,151636,Netherlands
1888,74661,78919,153580,Netherlands
1889,74056,78855,152911,Netherlands
1890,73735,77954,151689,Netherlands
1891,76382,80662,157044,Netherlands
1892,73411,77642,151053,Netherlands
1893,78537,82879,161416,Netherlands
1894,76630,80456,157086,Netherlands
1895,78075,82490,160565,Netherlands
1896,79360,83295,162655,Netherlands
1897,79921,83879,163800,Netherlands
1898,79235,83843,163078,Netherlands
1899,80593,85030,165623,Netherlands
1900,78959,83531,162490,Netherlands
1901,81990,86283,168273,Netherlands
1902,81745,86983,168728,Netherlands
1903,82722,87386,170108,Netherlands
1904,83576,87919,171495,Netherlands
1905,83250,87517,170767,Netherlands
1906,83803,87149,170952,Netherlands
1907,83715,87791,171506,Netherlands
1908,83544,88317,171861,Netherlands
1909,83380,87386,170766,Netherlands
1910,82001,86893,168894,Netherlands
1911,81223,85304,166527,Netherlands
1912,82884,87385,170269,Netherlands
1913,84784,88757,173541,Netherlands
1914,86016,90815,176831,Netherlands
1915,81316,86107,167423,Netherlands
1916,83983,88589,172572,Netherlands
1917,84253,88859,173112,Netherlands
1918,82244,87251,169495,Netherlands
1919,80325,85746,166071,Netherlands
1920,94428,100588,195016,Netherlands
1921,92917,98523,191440,Netherlands
1922,89196,94558,183754,Netherlands
1923,90919,96593,187512,Netherlands
1924,88738,93692,182430,Netherlands
1925,86814,91731,178545,Netherlands
1926,86059,91434,177493,Netherlands
1927,84954,90144,175098,Netherlands
1928,87143,91885,179028,Netherlands
1929,86027,91189,177216,Netherlands
1930,88353,93957,182310,Netherlands
1931,85772,91615,177387,Netherlands
1932,86521,92004,178525,Netherlands
1933,83153,88136,171289,Netherlands
1934,83489,88725,172214,Netherlands
1935,82515,87910,170425,Netherlands
1936,83224,88451,171675,Netherlands
1937,82716,87504,170220,Netherlands
1938,86554,91868,178422,Netherlands
1939,88212,92705,180917,Netherlands
1940,90085,94761,184846,Netherlands
1941,87880,94079,181959,Netherlands
1942,91467,98508,189975,Netherlands
1943,101185,108194,209379,Netherlands
1944,106274,113672,219946,Netherlands
1945,101113,108494,209607,Netherlands
1946,137431,147025,284456,Netherlands
1947,129826,137522,267348,Netherlands
1948,119678,128245,247923,Netherlands
1949,114371,121806,236177,Netherlands
1950,111197,118521,229718,Netherlands
1951,110604,117803,228407,Netherlands
1952,112290,119598,231888,Netherlands
1953,110459,117505,227964,Netherlands
1954,110501,117672,228173,Netherlands
1955,111634,117588,229222,Netherlands
1956,112293,119199,231492,Netherlands
1957,113636,120256,233892,Netherlands
1958,115159,121700,236859,Netherlands
1959,118226,124292,242518,Netherlands
1960,116332,122796,239128,Netherlands
1961,120667,126740,247407,Netherlands
1962,120061,126089,246150,Netherlands
1963,121420,128459,249879,Netherlands
1964,121879,129035,250914,Netherlands
1965,119152,126064,245216,Netherlands
1966,116745,122866,239611,Netherlands
1967,116149,122529,238678,Netherlands
1968,115823,121289,237112,Netherlands
1969,120465,127123,247588,Netherlands
1970,116582,122330,238912,Netherlands
1971,110546,116634,227180,Netherlands
1972,104659,109474,214133,Netherlands
1973,95264,99729,194993,Netherlands
1974,90552,95430,185982,Netherlands
1975,86786,91090,177876,Netherlands
1976,85962,91128,177090,Netherlands
1977,84342,88954,173296,Netherlands
1978,85586,89964,175550,Netherlands
1979,85354,89625,174979,Netherlands
1980,88346,92948,181294,Netherlands
1981,87392,91177,178569,Netherlands
1982,83852,88219,172071,Netherlands
1983,83209,87037,170246,Netherlands
1984,84942,89494,174436,Netherlands
1985,87109,91027,178136,Netherlands
1986,90660,93853,184513,Netherlands
1987,90848,95819,186667,Netherlands
1988,91173,95474,186647,Netherlands
1989,92679,96300,188979,Netherlands
1990,96404,101561,197965,Netherlands
1991,97084,101581,198665,Netherlands
1992,95872,100862,196734,Netherlands
1993,95630,100118,195748,Netherlands
1994,95350,100261,195611,Netherlands
1995,92953,97560,190513,Netherlands
1996,91945,97576,189521,Netherlands
1997,94189,98254,192443,Netherlands
1998,97271,102137,199408,Netherlands
1999,97549,102896,200445,Netherlands
2000,100982,105637,206619,Netherlands
2001,98797,103806,202603,Netherlands
2002,98349,103734,202083,Netherlands
2003,97427,102870,200297,Netherlands
2004,94777,99230,194007,Netherlands
2005,91572,96338,187910,Netherlands
2006,90078,94979,185057,Netherlands
2007,88776,92560,181336,Netherlands
2008,89796,94838,184634,Netherlands
2009,90296,94619,184915,Netherlands
2010,90268,94129,184397,Netherlands
2011,87707,92353,180060,Netherlands
2012,85779,90180,175959,Netherlands
2013,83384,87957,171341,Netherlands
2014,85671,89510,175181,Netherlands
2015,83083,87427,170510,Netherlands
2016,83933,88587,172520,Netherlands
2017,82677,87159,169836,Netherlands
2018,82321,86204,168525,Netherlands
2019,82787,86893,169680,Netherlands
2020,82184,86497,168681,Netherlands
1948,23943,25206,49149,New Zealand
1949,23662,25243,48905,New Zealand
1950,24131,25283,49414,New Zealand
1951,24075,25814,49889,New Zealand
1952,25258,26670,51928,New Zealand
1953,25237,26706,51943,New Zealand
1954,26224,27907,54131,New Zealand
1955,27028,28648,55676,New Zealand
1956,27446,29147,56593,New Zealand
1957,28609,29875,58484,New Zealand
1958,29492,31143,60635,New Zealand
1959,30127,31742,61869,New Zealand
1960,30610,32240,62850,New Zealand
1961,31955,33521,65476,New Zealand
1962,31771,33356,65127,New Zealand
1963,31388,33287,64675,New Zealand
1964,30290,32169,62459,New Zealand
1965,29073,31105,60178,New Zealand
1966,29309,30879,60188,New Zealand
1967,30072,31097,61169,New Zealand
1968,30329,31955,62284,New Zealand
1969,30536,32028,62564,New Zealand
1970,30283,31924,62207,New Zealand
1971,31464,32996,64460,New Zealand
1972,30927,32288,63215,New Zealand
1973,29630,31097,60727,New Zealand
1974,28825,30511,59336,New Zealand
1975,27765,28874,56639,New Zealand
1976,26561,28544,55105,New Zealand
1977,26391,27788,54179,New Zealand
1978,24967,26062,51029,New Zealand
1979,25609,26670,52279,New Zealand
1980,24604,25938,50542,New Zealand
1981,24668,26126,50794,New Zealand
1982,24240,25698,49938,New Zealand
1983,24598,25876,50474,New Zealand
1984,25141,26495,51636,New Zealand
1985,25241,26557,51798,New Zealand
1986,25925,26898,52823,New Zealand
1987,26660,28594,55254,New Zealand
1988,28034,29512,57546,New Zealand
1989,28433,29658,58091,New Zealand
1990,29445,30708,60153,New Zealand
1991,29085,30826,59911,New Zealand
1992,28440,30726,59166,New Zealand
1993,28469,30313,58782,New Zealand
1994,27913,29408,57321,New Zealand
1995,27793,29878,57671,New Zealand
1996,27821,29459,57280,New Zealand
1997,28172,29432,57604,New Zealand
1998,26766,28583,55349,New Zealand
1999,27868,29185,57053,New Zealand
2000,27448,29157,56605,New Zealand
2001,27466,28333,55799,New Zealand
2002,26444,27577,54021,New Zealand
2003,27314,28820,56134,New Zealand
2004,28329,29744,58073,New Zealand
2005,28199,29546,57745,New Zealand
2006,28953,30240,59193,New Zealand
2007,31031,33013,64044,New Zealand
2008,31241,33102,64343,New Zealand
2009,30431,32112,62543,New Zealand
2010,30993,32904,63897,New Zealand
2011,29927,31476,61403,New Zealand
2012,29935,31243,61178,New Zealand
2013,28576,30141,58717,New Zealand
2014,27648,29595,57243,New Zealand
2015,29682,31356,61038,New Zealand
2016,28908,30519,59427,New Zealand
2017,29022,30588,59610,New Zealand
2018,28308,29709,58017,New Zealand
2019,29070,30567,59637,New Zealand
2020,28041,29532,57573,New Zealand
2021,28632,30027,58659,New Zealand
1846,20156,21372,41528,Norway
1847,20199,21411,41610,Norway
1848,19686,20868,40554,Norway
1849,21424,22709,44133,Norway
1850,20914,22168,43082,Norway
1851,21796,23103,44899,Norway
1852,21466,22753,44219,Norway
1853,22349,23690,46039,Norway
1854,24221,25675,49896,Norway
1855,23999,25439,49438,Norway
1856,23452,24859,48311,Norway
1857,24368,25830,50198,Norway
1858,25083,26588,51671,Norway
1859,26483,28073,54556,Norway
1860,25764,27310,53074,Norway
1861,24051,25495,49546,Norway
1862,25335,26855,52190,Norway
1863,26167,27738,53905,Norway
1864,25805,27353,53158,Norway
1865,26184,27755,53939,Norway
1866,26294,27872,54166,Norway
1867,25052,26555,51607,Norway
1868,24695,26177,50872,Norway
1869,24265,25720,49985,Norway
1870,24572,26046,50618,Norway
1871,24836,26327,51163,Norway
1872,25530,27062,52592,Norway
1873,25606,27143,52749,Norway
1874,26825,28434,55259,Norway
1875,27600,29256,56856,Norway
1876,28009,29690,57699,Norway
1877,28503,30214,58717,Norway
1878,28673,30393,59066,Norway
1879,29663,31443,61106,Norway
1880,28794,30521,59315,Norway
1881,28048,29730,57778,Norway
1882,28525,30237,58762,Norway
1883,28854,30586,59440,Norway
1884,29621,31398,61019,Norway
1885,29724,31507,61231,Norway
1886,29352,31114,60466,Norway
1887,30013,31814,61827,Norway
1888,29151,30901,60052,Norway
1889,28549,30262,58811,Norway
1890,29489,31258,60747,Norway
1891,30049,31852,61901,Norway
1892,29094,30839,59933,Norway
1893,30011,31812,61823,Norway
1894,29558,31331,60889,Norway
1895,30737,32581,63318,Norway
1896,30706,32548,63254,Norway
1897,31230,33103,64333,Norway
1898,32003,33923,65926,Norway
1899,32023,33945,65968,Norway
1900,32150,34079,66229,Norway
1901,32671,34632,67303,Norway
1902,32279,34215,66494,Norway
1903,31782,33688,65470,Norway
1904,31137,33006,64143,Norway
1905,30389,32212,62601,Norway
1906,30141,31950,62091,Norway
1907,29759,31543,61302,Norway
1908,29945,31741,61686,Norway
1909,30740,32584,63324,Norway
1910,29848,31638,61486,Norway
1911,29965,31762,61727,Norway
1912,29810,31599,61409,Norway
1913,29754,31540,61294,Norway
1914,30151,31960,62111,Norway
1915,28629,30346,58975,Norway
1916,29758,31362,61120,Norway
1917,31147,32822,63969,Norway
1918,30908,32560,63468,Norway
1919,28538,30948,59486,Norway
1920,33700,35626,69326,Norway
1921,31572,33038,64610,Norway
1922,30820,32088,62908,Norway
1923,29960,31771,61731,Norway
1924,28007,30014,58021,Norway
1925,26339,27727,54066,Norway
1926,26348,27815,54163,Norway
1927,24430,25745,50175,Norway
1928,24368,25513,49881,Norway
1929,23373,24999,48372,Norway
1930,23206,24638,47844,Norway
1931,22419,23570,45989,Norway
1932,22062,23389,45451,Norway
1933,20280,21834,42114,Norway
1934,20244,21589,41833,Norway
1935,20176,21145,41321,Norway
1936,20532,21708,42240,Norway
1937,21245,22563,43808,Norway
1938,22009,23310,45319,Norway
1939,22771,23832,46603,Norway
1940,23195,24748,47943,Norway
1941,22251,23522,45773,Norway
1942,25808,27417,53225,Norway
1943,27623,29658,57281,Norway
1944,29923,32318,62241,Norway
1945,29925,31889,61814,Norway
1946,34207,36520,70727,Norway
1947,32789,34836,67625,Norway
1948,31521,34097,65618,Norway
1949,30492,32560,63052,Norway
1950,30203,32207,62410,Norway
1951,29176,31395,60571,Norway
1952,30222,32321,62543,Norway
1953,30672,32313,62985,Norway
1954,30632,32107,62739,Norway
1955,30777,32775,63552,Norway
1956,31302,32869,64171,Norway
1957,30711,32352,63063,Norway
1958,30645,32340,62985,Norway
1959,30469,32536,63005,Norway
1960,30106,31774,61880,Norway
1961,30225,32330,62555,Norway
1962,30243,32011,62254,Norway
1963,30922,32368,63290,Norway
1964,31601,33969,65570,Norway
1965,31993,34284,66277,Norway
1966,32383,34678,67061,Norway
1967,32421,34358,66779,Norway
1968,32664,34686,67350,Norway
1969,32900,34846,67746,Norway
1970,31280,33271,64551,Norway
1971,31962,33588,65550,Norway
1972,31266,32994,64260,Norway
1973,29618,31590,61208,Norway
1974,29190,30413,59603,Norway
1975,27496,28849,56345,Norway
1976,26066,27408,53474,Norway
1977,24705,26172,50877,Norway
1978,25092,26657,51749,Norway
1979,25071,26509,51580,Norway
1980,24691,26348,51039,Norway
1981,24848,25860,50708,Norway
1982,24791,26454,51245,Norway
1983,24168,25769,49937,Norway
1984,24511,25763,50274,Norway
1985,24829,26305,51134,Norway
1986,25458,27056,52514,Norway
1987,26525,27502,54027,Norway
1988,28053,29473,57526,Norway
1989,28842,30461,59303,Norway
1990,29663,31276,60939,Norway
1991,29503,31305,60808,Norway
1992,28955,31154,60109,Norway
1993,29112,30566,59678,Norway
1994,29156,30936,60092,Norway
1995,29286,31006,60292,Norway
1996,29437,31490,60927,Norway
1997,29077,30724,59801,Norway
1998,28482,29870,58352,Norway
1999,28830,30468,59298,Norway
2000,28798,30436,59234,Norway
2001,27655,29041,56696,Norway
2002,27109,28325,55434,Norway
2003,27444,29014,56458,Norway
2004,27759,29192,56951,Norway
2005,27703,29053,56756,Norway
2006,28556,29989,58545,Norway
2007,28455,30004,58459,Norway
2008,29361,31136,60497,Norway
2009,29974,31833,61807,Norway
2010,29981,31461,61442,Norway
2011,29214,31006,60220,Norway
2012,29322,30933,60255,Norway
2013,28857,30138,58995,Norway
2014,28714,30370,59084,Norway
2015,28689,30369,59058,Norway
2016,28504,30386,58890,Norway
2017,27460,29173,56633,Norway
2018,26690,28430,55120,Norway
2019,26453,28042,54495,Norway
2020,25916,27063,52979,Norway
2021,27376,28684,56060,Norway
2022,25035,26445,51480,Norway
1958,365317,390142,755459,Poland
1959,347422,375506,722928,Poland
1960,322672,346813,669485,Poland
1961,302415,325209,627624,Poland
1962,288503,311002,599505,Poland
1963,284629,304720,589349,Poland
1964,272374,291547,563921,Poland
1965,264886,282511,547397,Poland
1966,257080,274236,531316,Poland
1967,252831,268986,521817,Poland
1968,254465,271286,525751,Poland
1969,257981,274847,532828,Poland
1970,265004,282815,547819,Poland
1971,273661,290720,564381,Poland
1972,279721,298172,577893,Poland
1973,291932,308930,600862,Poland
1974,300557,323093,623650,Poland
1975,312287,334094,646381,Poland
1976,325717,347147,672864,Poland
1977,321790,343431,665221,Poland
1978,324568,344744,669312,Poland
1979,334826,356403,691229,Poland
1980,338642,357117,695759,Poland
1981,331182,350475,681657,Poland
1982,342282,363074,705356,Poland
1983,351690,371915,723605,Poland
1984,340432,361288,701720,Poland
1985,330486,349605,680091,Poland
1986,309769,327444,637213,Poland
1987,294753,313037,607790,Poland
1988,286925,303013,589938,Poland
1989,273439,290992,564431,Poland
1990,266056,281664,547720,Poland
1991,266008,281711,547719,Poland
1992,250950,264264,515214,Poland
1993,240376,253934,494310,Poland
1994,234901,246384,481285,Poland
1995,210449,222660,433109,Poland
1996,207518,220685,428203,Poland
1997,200293,212342,412635,Poland
1998,191674,203945,395619,Poland
1999,185591,196411,382002,Poland
2000,183524,194824,378348,Poland
2001,178684,189521,368205,Poland
2002,171629,182136,353765,Poland
2003,170438,180634,351072,Poland
2004,172709,183422,356131,Poland
2005,176998,187385,364383,Poland
2006,181726,192518,374244,Poland
2007,188535,199338,387873,Poland
2008,201553,212946,414499,Poland
2009,202681,214908,417589,Poland
2010,198872,214428,413300,Poland
2011,188495,199921,388416,Poland
2012,187561,198696,386257,Poland
2013,179659,189917,369576,Poland
2014,182069,193091,375160,Poland
2015,179631,189677,369308,Poland
2016,186036,196221,382257,Poland
2017,195572,206410,401982,Poland
2018,188987,200468,389455,Poland
2019,182269,192685,374954,Poland
1886,75666,80149,155815,Portugal
1887,78423,87491,165914,Portugal
1888,78807,85174,163981,Portugal
1889,81580,86705,168285,Portugal
1890,80155,84472,164627,Portugal
1891,78176,83858,162034,Portugal
1892,77004,82179,159183,Portugal
1893,79485,84654,164139,Portugal
1894,74578,79393,153971,Portugal
1895,75618,80787,156405,Portugal
1896,76230,81316,157546,Portugal
1897,78445,82524,160969,Portugal
1898,78787,82137,160924,Portugal
1899,77850,82719,160569,Portugal
1900,79971,85274,165245,Portugal
1901,82484,88289,170773,Portugal
1902,85061,90968,176029,Portugal
1903,88457,94681,183138,Portugal
1904,85087,91639,176726,Portugal
1905,85848,93898,179746,Portugal
1906,88251,94669,182920,Portugal
1907,84522,91895,176417,Portugal
1908,84718,90550,175268,Portugal
1909,84893,89860,174753,Portugal
1910,90108,96845,186953,Portugal
1911,112377,117656,230033,Portugal
1912,101658,106212,207870,Portugal
1913,94648,99258,193906,Portugal
1914,91515,96964,188479,Portugal
1915,95044,100181,195225,Portugal
1916,93961,98819,192780,Portugal
1917,91605,96786,188391,Portugal
1918,86624,92063,178687,Portugal
1919,80830,85332,166162,Portugal
1920,98924,103984,202908,Portugal
1921,96015,101007,197022,Portugal
1922,98664,105063,203727,Portugal
1923,100797,106375,207172,Portugal
1924,101090,106350,207440,Portugal
1925,101633,106801,208434,Portugal
1926,104584,110049,214633,Portugal
1927,96895,102504,199399,Portugal
1928,103155,108159,211314,Portugal
1929,97659,103215,200874,Portugal
1930,98601,103928,202529,Portugal
1931,98970,105150,204120,Portugal
1932,100939,107123,208062,Portugal
1933,99375,104940,204315,Portugal
1934,98399,104759,203158,Portugal
1935,99172,104771,203943,Portugal
1936,100038,105577,205615,Portugal
1937,96490,101637,198127,Portugal
1938,96499,102968,199467,Portugal
1939,96659,102229,198888,Portugal
1940,90745,97147,187892,Portugal
1941,89535,94801,184336,Portugal
1942,90853,96650,187503,Portugal
1943,96016,102085,198101,Portugal
1944,96280,105093,201373,Portugal
1945,100649,108482,209131,Portugal
1946,98697,107128,205825,Portugal
1947,96418,104070,200488,Portugal
1948,106210,114771,220981,Portugal
1949,101794,110466,212260,Portugal
1950,99138,106025,205163,Portugal
1951,100114,107756,207870,Portugal
1952,101633,109580,211213,Portugal
1953,97744,104391,202135,Portugal
1954,95435,102101,197536,Portugal
1955,101913,107877,209790,Portugal
1956,98750,103917,202667,Portugal
1957,102639,108855,211494,Portugal
1958,103371,109096,212467,Portugal
1959,103325,109737,213062,Portugal
1960,103410,110485,213895,Portugal
1961,105647,111869,217516,Portugal
1962,106358,113842,220200,Portugal
1963,102695,109457,212152,Portugal
1964,104702,112434,217136,Portugal
1965,101725,108574,210299,Portugal
1966,99716,107224,206940,Portugal
1967,98172,103889,202061,Portugal
1968,93837,101125,194962,Portugal
1969,91685,98054,189739,Portugal
1970,83645,89246,172891,Portugal
1971,91771,97271,189042,Portugal
1972,84363,90322,174685,Portugal
1973,83627,88697,172324,Portugal
1974,83917,88062,171979,Portugal
1975,86539,93089,179628,Portugal
1976,90130,96582,186712,Portugal
1977,87024,94040,181064,Portugal
1978,80343,87124,167467,Portugal
1979,77585,82726,160311,Portugal
1980,76710,81642,158352,Portugal
1981,73762,78340,152102,Portugal
1982,73168,77861,151029,Portugal
1983,69516,74811,144327,Portugal
1984,68914,73891,142805,Portugal
1985,63134,67358,130492,Portugal
1986,61321,65427,126748,Portugal
1987,59646,63572,123218,Portugal
1988,59101,63020,122121,Portugal
1989,57665,60895,118560,Portugal
1990,56430,59953,116383,Portugal
1991,56495,59920,116415,Portugal
1992,56127,58891,115018,Portugal
1993,55602,58428,114030,Portugal
1994,52812,56475,109287,Portugal
1995,51473,55711,107184,Portugal
1996,52989,57374,110363,Portugal
1997,54945,58102,113047,Portugal
1998,54921,58589,113510,Portugal
1999,56246,59792,116038,Portugal
2000,57809,62262,120071,Portugal
2001,54428,58397,112825,Portugal
2002,55110,59346,114456,Portugal
2003,54343,58246,112589,Portugal
2004,53114,56242,109356,Portugal
2005,52787,56612,109399,Portugal
2006,51392,54057,105449,Portugal
2007,49847,52720,102567,Portugal
2008,50618,53976,104594,Portugal
2009,48618,50873,99491,Portugal
2010,49846,51535,101381,Portugal
2011,47168,49689,96856,Portugal
2012,43680,46161,89841,Portugal
2013,40568,42220,82787,Portugal
2014,39940,42427,82367,Portugal
2015,41815,43685,85500,Portugal
2016,42337,44789,87126,Portugal
2017,42082,44072,86154,Portugal
2018,42711,44309,87020,Portugal
2019,42040,44539,86579,Portugal
2020,41079,43451,84530,Portugal
2021,38820,40762,79582,Portugal
1975,388506,437323,825829,Republic of Korea
1976,349682,392829,742511,Republic of Korea
1977,385626,404437,790063,Republic of Korea
1978,335091,376719,711810,Republic of Korea
1979,423679,450134,873813,Republic of Korea
1980,433066,459050,892116,Republic of Korea
1981,418754,448655,867409,Republic of Korea
1982,410235,438077,848312,Republic of Korea
1983,370961,398194,769155,Republic of Korea
1984,324018,350775,674793,Republic of Korea
1985,312983,342506,655489,Republic of Korea
1986,300431,335588,636019,Republic of Korea
1987,298793,325038,623831,Republic of Korea
1988,296889,336203,633092,Republic of Korea
1989,301956,337475,639431,Republic of Korea
1990,300121,349617,649738,Republic of Korea
1991,333999,375276,709275,Republic of Korea
1992,342105,388573,730678,Republic of Korea
1993,332461,383365,715826,Republic of Korea
1994,335105,386080,721185,Republic of Korea
1995,335416,379604,715020,Republic of Korea
1996,326793,364433,691226,Republic of Korea
1997,324465,350929,675394,Republic of Korea
1998,305447,336147,641594,Republic of Korea
1999,296259,324409,620668,Republic of Korea
2000,304656,335433,640089,Republic of Korea
2001,267945,291989,559934,Republic of Korea
2002,236683,260228,496911,Republic of Korea
2003,237309,257727,495036,Republic of Korea
2004,229123,247835,476958,Republic of Korea
2005,211115,227592,438707,Republic of Korea
2006,217649,234110,451759,Republic of Korea
2007,240950,255872,496822,Republic of Korea
2008,225773,240119,465892,Republic of Korea
2009,215498,229351,444849,Republic of Korea
2010,227270,242901,470171,Republic of Korea
2011,229144,242121,471265,Republic of Korea
2012,235592,248958,484550,Republic of Korea
2013,212572,223883,436455,Republic of Korea
2014,212079,223356,435435,Republic of Korea
2015,213514,224906,438420,Republic of Korea
2016,198179,208064,406243,Republic of Korea
2017,173463,184308,357771,Republic of Korea
2018,159136,167686,326822,Republic of Korea
2019,147260,155416,302676,Republic of Korea
2020,132975,139362,272337,Republic of Korea
1959,1363168,1433060,2796228,Russia
1960,1355128,1427225,2782353,Russia
1961,1296435,1365700,2662135,Russia
1962,1210078,1272461,2482539,Russia
1963,1133767,1197738,2331505,Russia
1964,1034375,1087619,2121994,Russia
1965,968960,1021560,1990520,Russia
1966,955251,1002152,1957403,Russia
1967,903355,947686,1851041,Russia
1968,886270,930239,1816509,Russia
1969,902327,945265,1847592,Russia
1970,929321,974392,1903713,Russia
1971,963300,1011337,1974637,Russia
1972,983216,1031422,2014638,Russia
1973,972252,1022369,1994621,Russia
1974,1015955,1063857,2079812,Russia
1975,1026246,1079901,2106147,Russia
1976,1046300,1100411,2146711,Russia
1977,1052995,1103729,2156724,Russia
1978,1063610,1115420,2179030,Russia
1979,1063605,1114937,2178542,Russia
1980,1076113,1126666,2202779,Russia
1981,1091369,1145239,2236608,Russia
1982,1135792,1192252,2328044,Russia
1983,1209502,1268820,2478322,Russia
1984,1174854,1234760,2409614,Russia
1985,1157825,1217322,2375147,Russia
1986,1212702,1273213,2485915,Russia
1987,1216549,1283425,2499974,Russia
1988,1143587,1204907,2348494,Russia
1989,1049957,1110602,2160559,Russia
1990,967610,1021248,1988858,Russia
1991,871307,923319,1794626,Russia
1992,770887,816757,1587644,Russia
1993,670294,708689,1378983,Russia
1994,683341,724818,1408159,Russia
1995,663615,700191,1363806,Russia
1996,633208,671430,1304638,Russia
1997,611748,648195,1259943,Russia
1998,622450,660842,1283292,Russia
1999,588540,626149,1214689,Russia
2000,613654,653146,1266800,Russia
2001,635854,675750,1311604,Russia
2002,677456,719511,1396967,Russia
2003,716367,760934,1477301,Russia
2004,729504,772973,1502477,Russia
2005,707822,749554,1457376,Russia
2006,718806,760831,1479637,Russia
2007,781350,828772,1610122,Russia
2008,833404,880543,1713947,Russia
2009,856307,905380,1761687,Russia
2010,869309,919639,1788948,Russia
2011,872825,923804,1796629,Russia
2012,923557,978527,1902084,Russia
2013,921519,974303,1895822,Russia
2014,943004,999679,1942683,Russia
1950,48022,51699,99721,Slovakia
1951,48760,51903,100663,Slovakia
1952,48653,52171,100824,Slovakia
1953,47843,51281,99124,Slovakia
1954,47371,50939,98310,Slovakia
1955,48156,51149,99305,Slovakia
1956,48332,51135,99467,Slovakia
1957,46830,50481,97311,Slovakia
1958,45378,47894,93272,Slovakia
1959,42629,45362,87991,Slovakia
1960,42828,45584,88412,Slovakia
1961,42606,44753,87359,Slovakia
1962,40725,43174,83899,Slovakia
1963,42310,44848,87158,Slovakia
1964,42319,44559,86878,Slovakia
1965,40226,44031,84257,Slovakia
1966,39789,41664,81453,Slovakia
1967,37654,39883,77537,Slovakia
1968,37055,39315,76370,Slovakia
1969,38879,40890,79769,Slovakia
1970,39223,41443,80666,Slovakia
1971,40375,42687,83062,Slovakia
1972,42876,44918,87794,Slovakia
1973,45566,47387,92953,Slovakia
1974,47565,50020,97585,Slovakia
1975,47858,49791,97649,Slovakia
1976,48398,51416,99814,Slovakia
1977,48211,51322,99533,Slovakia
1978,49008,51185,100193,Slovakia
1979,49153,51087,100240,Slovakia
1980,46258,48842,95100,Slovakia
1981,45659,47631,93290,Slovakia
1982,45073,47545,92618,Slovakia
1983,44835,47218,92053,Slovakia
1984,44397,46446,90843,Slovakia
1985,43966,46189,90155,Slovakia
1986,42471,44667,87138,Slovakia
1987,41163,42843,84006,Slovakia
1988,40679,42563,83242,Slovakia
1989,39140,40976,80116,Slovakia
1990,38859,41130,79989,Slovakia
1991,38328,40241,78569,Slovakia
1992,36387,38253,74640,Slovakia
1993,35504,37752,73256,Slovakia
1994,32495,33875,66370,Slovakia
1995,30012,31415,61427,Slovakia
1996,29078,31045,60123,Slovakia
1997,28743,30368,59111,Slovakia
1998,28039,29543,57582,Slovakia
1999,27513,28710,56223,Slovakia
2000,26927,28224,55151,Slovakia
2001,24697,26439,51136,Slovakia
2002,24826,26015,50841,Slovakia
2003,25170,26543,51713,Slovakia
2004,26101,27646,53747,Slovakia
2005,26451,27979,54430,Slovakia
2006,26222,27682,53904,Slovakia
2007,26521,27903,54424,Slovakia
2008,28006,29354,57360,Slovakia
2009,29654,31563,61217,Slovakia
2010,29866,30544,60410,Slovakia
2011,29699,31114,60813,Slovakia
2012,26864,28671,55535,Slovakia
2013,26755,28068,54823,Slovakia
2014,26933,28100,55033,Slovakia
2015,26934,28668,55602,Slovakia
2016,28078,29479,57557,Slovakia
2017,28196,29773,57969,Slovakia
2018,27965,29674,57639,Slovakia
2019,27911,29143,57054,Slovakia
1983,13270,13930,27200,Slovenia
1984,12835,13439,26274,Slovenia
1985,12586,13347,25933,Slovenia
1986,12495,13075,25570,Slovenia
1987,12528,13064,25592,Slovenia
1988,12210,12999,25209,Slovenia
1989,11346,12101,23447,Slovenia
1990,10914,11454,22368,Slovenia
1991,10467,11116,21583,Slovenia
1992,9649,10333,19982,Slovenia
1993,9605,10188,19793,Slovenia
1994,9564,9899,19463,Slovenia
1995,9239,9741,18980,Slovenia
1996,9078,9710,18788,Slovenia
1997,8842,9323,18165,Slovenia
1998,8600,9256,17856,Slovenia
1999,8484,9049,17533,Slovenia
2000,8812,9368,18180,Slovenia
2001,8413,9064,17477,Slovenia
2002,8476,9025,17501,Slovenia
2003,8391,8930,17321,Slovenia
2004,8860,9101,17961,Slovenia
2005,8802,9355,18157,Slovenia
2006,9170,9762,18932,Slovenia
2007,9671,10152,19823,Slovenia
2008,10691,11126,21817,Slovenia
2009,10547,11309,21856,Slovenia
2010,10839,11504,22343,Slovenia
2011,10699,11248,21947,Slovenia
2012,10619,11319,21938,Slovenia
2013,10307,10804,21111,Slovenia
2014,10237,10928,21165,Slovenia
2015,10035,10606,20641,Slovenia
2016,9979,10366,20345,Slovenia
2017,9758,10483,20241,Slovenia
2018,9428,10157,19585,Slovenia
2019,9351,9977,19328,Slovenia
1908,313288,344720,658008,Spain
1909,310009,340489,650498,Spain
1910,308121,338854,646975,Spain
1911,299984,328459,628443,Spain
1912,303527,334333,637860,Spain
1913,294979,322871,617850,Spain
1914,290488,317719,608207,Spain
1915,299857,331605,631462,Spain
1916,284855,314156,599011,Spain
1917,287271,314868,602139,Spain
1918,292334,320403,612737,Spain
1919,279347,306616,585963,Spain
1920,297014,326325,623339,Spain
1921,309323,339569,648892,Spain
1922,313425,342668,656093,Spain
1923,316899,345677,662576,Spain
1924,312852,340233,653085,Spain
1925,309523,335218,644741,Spain
1926,318141,345260,663401,Spain
1927,306623,329405,636028,Spain
1928,320549,345691,666240,Spain
1929,315442,338226,653668,Spain
1930,320556,345321,665877,Spain
1931,315720,338058,653778,Spain
1932,325995,349115,675110,Spain
1933,325664,346580,672244,Spain
1934,311904,329984,641888,Spain
1935,309237,327488,636725,Spain
1936,300063,317157,617220,Spain
1937,276353,292624,568977,Spain
1938,245966,262760,508726,Spain
1939,203987,218358,422345,Spain
1940,305131,326154,631285,Spain
1941,247238,263916,511154,Spain
1942,256446,274399,530845,Spain
1943,294184,312787,606971,Spain
1944,292599,309492,602091,Spain
1945,302250,319308,621558,Spain
1946,285366,300015,585381,Spain
1947,286391,302341,588732,Spain
1948,312386,329655,642041,Spain
1949,293110,308649,601759,Spain
1950,275078,290300,565378,Spain
1951,275692,291782,567474,Spain
1952,287120,305899,593019,Spain
1953,286442,302746,589188,Spain
1954,281954,295932,577886,Spain
1955,291426,307544,598970,Spain
1956,296437,311684,608121,Spain
1957,315196,331588,646784,Spain
1958,318705,334511,653216,Spain
1959,318369,336105,654474,Spain
1960,321660,341715,663375,Spain
1961,317749,336867,654616,Spain
1962,320003,338813,658816,Spain
1963,326221,345299,671520,Spain
1964,339393,358304,697697,Spain
1965,329334,347027,676361,Spain
1966,325561,344358,669919,Spain
1967,330810,349315,680125,Spain
1968,324585,342726,667311,Spain
1969,323855,342713,666568,Spain
1970,322266,341401,663667,Spain
1971,326241,345851,672092,Spain
1972,326442,345963,672405,Spain
1973,326888,346075,672963,Spain
1974,334984,353727,688711,Spain
1975,322614,345982,668596,Spain
1976,327848,348870,676718,Spain
1977,316858,338667,655525,Spain
1978,306712,329371,636083,Spain
1979,290832,310649,601481,Spain
1980,274628,296018,570646,Spain
1981,254640,277961,532601,Spain
1982,246885,268447,515332,Spain
1983,233522,251324,484846,Spain
1984,227005,245815,472820,Spain
1985,219881,236056,455937,Spain
1986,211345,226958,438303,Spain
1987,205312,221087,426399,Spain
1988,201978,216459,418437,Spain
1989,197021,211003,408024,Spain
1990,193769,207304,401073,Spain
1991,190937,204715,395652,Spain
1992,191985,204685,396670,Spain
1993,186344,199374,385718,Spain
1994,178813,190764,369577,Spain
1995,176068,187399,363467,Spain
1996,175580,186367,361947,Spain
1997,178585,189776,368361,Spain
1998,175825,188602,364427,Spain
1999,183966,195248,379214,Spain
2000,191557,205069,396626,Spain
2001,197087,208226,405313,Spain
2002,202310,215378,417688,Spain
2003,213622,226909,440531,Spain
2004,219018,234154,453172,Spain
2005,225424,239387,464811,Spain
2006,232980,248315,481295,Spain
2007,237975,253163,491138,Spain
2008,250823,267680,518503,Spain
2009,238446,255271,493717,Spain
2010,235207,250045,485252,Spain
2011,227997,242556,470553,Spain
2012,219660,233688,453348,Spain
2013,206065,218375,424440,Spain
2014,206042,220034,426076,Spain
2015,202929,215503,418432,Spain
2016,198643,210091,408734,Spain
2017,189823,201442,391265,Spain
2018,180243,190584,370827,Spain
2019,174229,184518,358747,Spain
2020,166196,174568,340764,Spain
1749,29382,30101,59483,Sweden
1750,31692,32819,64511,Sweden
1751,34028,35263,69291,Sweden
1752,31795,33178,64973,Sweden
1753,32248,33759,66007,Sweden
1754,33757,35002,68759,Sweden
1755,34198,35810,70008,Sweden
1756,33388,34599,67987,Sweden
1757,29967,31708,61675,Sweden
1758,30845,32417,63262,Sweden
1759,31049,32816,63865,Sweden
1760,33691,34693,68384,Sweden
1761,32819,34505,67324,Sweden
1762,33378,34890,68268,Sweden
1763,33308,34923,68231,Sweden
1764,33136,34852,67988,Sweden
1765,32060,33812,65872,Sweden
1766,32859,34202,67061,Sweden
1767,34608,36136,70744,Sweden
1768,33061,34658,67719,Sweden
1769,32891,34063,66954,Sweden
1770,32864,34308,67172,Sweden
1771,32267,33721,65988,Sweden
1772,28832,30140,58972,Sweden
1773,25120,26044,51164,Sweden
1774,33649,34871,68520,Sweden
1775,35162,36480,71642,Sweden
1776,32633,34236,66869,Sweden
1777,33164,34529,67693,Sweden
1778,35184,36717,71901,Sweden
1779,37163,39224,76387,Sweden
1780,36767,38355,75122,Sweden
1781,34715,36415,71130,Sweden
1782,33427,35061,68488,Sweden
1783,31798,33171,64969,Sweden
1784,33449,34156,67605,Sweden
1785,33114,34383,67497,Sweden
1786,34681,36254,70935,Sweden
1787,33283,35045,68328,Sweden
1788,35950,38069,74019,Sweden
1789,34244,35883,70127,Sweden
1790,32580,34130,66710,Sweden
1791,34918,36695,71613,Sweden
1792,39383,41680,81063,Sweden
1793,37824,39209,77033,Sweden
1794,37523,38906,76429,Sweden
1795,35549,37398,72947,Sweden
1796,38979,40467,79446,Sweden
1797,39197,41177,80374,Sweden
1798,38225,40368,78593,Sweden
1799,36608,38666,75274,Sweden
1800,32792,34763,67555,Sweden
1801,34384,36245,70629,Sweden
1802,36637,38326,74963,Sweden
1803,36440,38204,74644,Sweden
1804,37408,39035,76443,Sweden
1805,37423,39129,76552,Sweden
1806,36797,37784,74581,Sweden
1807,36773,39069,75842,Sweden
1808,36064,37899,73963,Sweden
1809,31671,32629,64300,Sweden
1810,38457,40459,78916,Sweden
1811,41571,43291,84862,Sweden
1812,39678,41401,81079,Sweden
1813,35171,36850,72021,Sweden
1814,37187,38650,75837,Sweden
1815,41658,43581,85239,Sweden
1816,42879,44765,87644,Sweden
1817,41078,42743,83821,Sweden
1818,41743,43971,85714,Sweden
1819,41082,43168,84250,Sweden
1820,41327,43514,84841,Sweden
1821,44916,47156,92072,Sweden
1822,46067,48242,94309,Sweden
1823,48072,50187,98259,Sweden
1824,45784,47793,93577,Sweden
1825,49220,51095,100315,Sweden
1826,47511,49614,97125,Sweden
1827,43103,45035,88138,Sweden
1828,46719,48635,95354,Sweden
1829,48650,50838,99488,Sweden
1830,46157,48469,94626,Sweden
1831,42879,45374,88253,Sweden
1832,43826,46036,89862,Sweden
1833,48993,51316,100309,Sweden
1834,48938,51293,100231,Sweden
1835,47972,50172,98144,Sweden
1836,47269,49588,96857,Sweden
1837,46370,48246,94616,Sweden
1838,44425,46140,90565,Sweden
1839,44678,46685,91363,Sweden
1840,47892,50268,98160,Sweden
1841,46932,48802,95734,Sweden
1842,49506,51470,100976,Sweden
1843,48359,50795,99154,Sweden
1844,51258,53435,104693,Sweden
1845,51078,52582,103660,Sweden
1846,48451,51252,99703,Sweden
1847,48281,50898,99179,Sweden
1848,50077,52447,102524,Sweden
1849,55056,57248,112304,Sweden
1850,53809,56590,110399,Sweden
1851,54169,56896,111065,Sweden
1852,52661,55644,108305,Sweden
1853,54503,56904,111407,Sweden
1854,58801,61306,120107,Sweden
1855,55919,59153,115072,Sweden
1856,56134,58948,115082,Sweden
1857,58289,61060,119349,Sweden
1858,63282,65757,129039,Sweden
1859,64056,67549,131605,Sweden
1860,65141,68021,133162,Sweden
1861,62041,64593,126634,Sweden
1862,64169,67415,131584,Sweden
1863,65440,68839,134279,Sweden
1864,66390,69614,136004,Sweden
1865,65694,68587,134281,Sweden
1866,66790,70199,136989,Sweden
1867,62704,66128,128832,Sweden
1868,56041,58914,114955,Sweden
1869,57511,60166,117677,Sweden
1870,58278,61560,119838,Sweden
1871,62111,65222,127333,Sweden
1872,61603,65380,126983,Sweden
1873,64213,67430,131643,Sweden
1874,64904,68345,133249,Sweden
1875,66263,69695,135958,Sweden
1876,66132,69758,135890,Sweden
1877,67346,71130,138476,Sweden
1878,65429,69035,134464,Sweden
1879,67814,71229,139043,Sweden
1880,65717,68545,134262,Sweden
1881,64413,68391,132804,Sweden
1882,65377,68923,134300,Sweden
1883,64490,68385,132875,Sweden
1884,67426,71319,138745,Sweden
1885,66793,70515,137308,Sweden
1886,68218,71664,139882,Sweden
1887,68256,71913,140169,Sweden
1888,66701,69750,136451,Sweden
1889,64558,67511,132069,Sweden
1890,65267,68330,133597,Sweden
1891,65860,69656,135516,Sweden
1892,63109,66513,129622,Sweden
1893,63833,67896,131729,Sweden
1894,64014,67395,131409,Sweden
1895,65410,69189,134599,Sweden
1896,65415,68893,134308,Sweden
1897,64493,68506,132999,Sweden
1898,66132,70391,136523,Sweden
1899,65167,68715,133882,Sweden
1900,67299,70840,138139,Sweden
1901,67590,71780,139370,Sweden
1902,67066,70298,137364,Sweden
1903,65262,68634,133896,Sweden
1904,65291,69661,134952,Sweden
1905,66139,69270,135409,Sweden
1906,66236,70384,136620,Sweden
1907,66296,70497,136793,Sweden
1908,67489,71385,138874,Sweden
1909,67581,71924,139505,Sweden
1910,65511,70114,135625,Sweden
1911,64535,68442,132977,Sweden
1912,64662,68206,132868,Sweden
1913,63175,67025,130200,Sweden
1914,62974,66484,129458,Sweden
1915,59864,63133,122997,Sweden
1916,59102,62577,121679,Sweden
1917,58800,62055,120855,Sweden
1918,57188,60767,117955,Sweden
1919,55841,59352,115193,Sweden
1920,67211,71542,138753,Sweden
1921,62176,65547,127723,Sweden
1922,56875,60071,116946,Sweden
1923,54862,58573,113435,Sweden
1924,53102,55953,109055,Sweden
1925,51553,54739,106292,Sweden
1926,49696,52311,102007,Sweden
1927,47664,50330,97994,Sweden
1928,47653,50215,97868,Sweden
1929,45104,47757,92861,Sweden
1930,46015,48205,94220,Sweden
1931,44292,46782,91074,Sweden
1932,43755,46024,89779,Sweden
1933,41201,43819,85020,Sweden
1934,41298,43794,85092,Sweden
1935,41516,44390,85906,Sweden
1936,43319,45619,88938,Sweden
1937,43840,46533,90373,Sweden
1938,45698,48248,93946,Sweden
1939,47420,49960,97380,Sweden
1940,46552,49226,95778,Sweden
1941,48575,51152,99727,Sweden
1942,55355,58606,113961,Sweden
1943,61062,64330,125392,Sweden
1944,65267,69724,134991,Sweden
1945,65433,69940,135373,Sweden
1946,64369,68228,132597,Sweden
1947,62550,66229,128779,Sweden
1948,61686,64997,126683,Sweden
1949,58800,62472,121272,Sweden
1950,55759,59655,115414,Sweden
1951,53370,56798,110168,Sweden
1952,53313,56879,110192,Sweden
1953,53304,56840,110144,Sweden
1954,50915,54181,105096,Sweden
1955,52078,55227,107305,Sweden
1956,51935,56025,107960,Sweden
1957,52306,54862,107168,Sweden
1958,50988,54514,105502,Sweden
1959,50519,54224,104743,Sweden
1960,49807,52412,102219,Sweden
1961,50694,53807,104501,Sweden
1962,52167,55117,107284,Sweden
1963,54577,58326,112903,Sweden
1964,59783,62881,122664,Sweden
1965,59650,63156,122806,Sweden
1966,59708,63646,123354,Sweden
1967,58832,62528,121360,Sweden
1968,54966,58121,113087,Sweden
1969,51994,55628,107622,Sweden
1970,53608,56542,110150,Sweden
1971,55410,59074,114484,Sweden
1972,54369,57904,112273,Sweden
1973,53252,56411,109663,Sweden
1974,53293,56581,109874,Sweden
1975,50390,53242,103632,Sweden
1976,47790,50555,98345,Sweden
1977,46528,49529,96057,Sweden
1978,45404,47844,93248,Sweden
1979,46842,49413,96255,Sweden
1980,47204,49860,97064,Sweden
1981,45934,48131,94065,Sweden
1982,45016,47732,92748,Sweden
1983,44467,47313,91780,Sweden
1984,45549,48340,93889,Sweden
1985,47715,50748,98463,Sweden
1986,49552,52398,101950,Sweden
1987,51134,53565,104699,Sweden
1988,54259,57821,112080,Sweden
1989,56340,59683,116023,Sweden
1990,60366,63572,123938,Sweden
1991,60008,63729,123737,Sweden
1992,59655,63193,122848,Sweden
1993,57669,60329,117998,Sweden
1994,54928,57329,112257,Sweden
1995,50208,53214,103422,Sweden
1996,46637,48660,95297,Sweden
1997,43991,46511,90502,Sweden
1998,43088,45940,89028,Sweden
1999,42943,45230,88173,Sweden
2000,43821,46620,90441,Sweden
2001,44328,47138,91466,Sweden
2002,46628,49187,95815,Sweden
2003,48043,51114,99157,Sweden
2004,48953,51975,100928,Sweden
2005,49310,52036,101346,Sweden
2006,51430,54483,105913,Sweden
2007,52162,55259,107421,Sweden
2008,52949,56352,109301,Sweden
2009,54237,57564,111801,Sweden
2010,56256,59385,115641,Sweden
2011,54565,57205,111770,Sweden
2012,55006,58171,113177,Sweden
2013,55121,58472,113593,Sweden
2014,55809,59098,114907,Sweden
2015,55368,59502,114870,Sweden
2016,57226,60199,117425,Sweden
2017,56160,59256,115416,Sweden
2018,56298,59534,115832,Sweden
2019,55521,59002,114523,Sweden
2020,54822,58255,113077,Sweden
2021,55778,58485,114263,Sweden
2022,50858,53876,104734,Sweden
1871,37829,39804,77633,Switzerland
1872,39061,41268,80329,Switzerland
1873,39198,41374,80572,Switzerland
1874,40592,42459,83051,Switzerland
1875,42942,44637,87579,Switzerland
1876,44042,46744,90786,Switzerland
1877,43252,45992,89244,Switzerland
1878,42940,44893,87833,Switzerland
1879,41998,44182,86180,Switzerland
1880,40979,43186,84165,Switzerland
1881,41613,43529,85142,Switzerland
1882,40249,42440,82689,Switzerland
1883,39852,42122,81974,Switzerland
1884,39725,41846,81571,Switzerland
1885,39265,41084,80349,Switzerland
1886,39619,41144,80763,Switzerland
1887,39783,41504,81287,Switzerland
1888,39532,41566,81098,Switzerland
1889,39720,41456,81176,Switzerland
1890,38454,40094,78548,Switzerland
1891,40868,42728,83596,Switzerland
1892,40665,42460,83125,Switzerland
1893,41481,43416,84897,Switzerland
1894,41224,42918,84142,Switzerland
1895,41154,43819,84973,Switzerland
1896,43238,45190,88428,Switzerland
1897,44070,46008,90078,Switzerland
1898,45234,46559,91793,Switzerland
1899,46190,48282,94472,Switzerland
1900,46093,48223,94316,Switzerland
1901,47709,49319,97028,Switzerland
1902,47014,49467,96481,Switzerland
1903,45988,47836,93824,Switzerland
1904,46394,48473,94867,Switzerland
1905,46326,48327,94653,Switzerland
1906,46658,48937,95595,Switzerland
1907,46063,48445,94508,Switzerland
1908,47084,49161,96245,Switzerland
1909,46145,47967,94112,Switzerland
1910,45593,47921,93514,Switzerland
1911,44762,46558,91320,Switzerland
1912,44865,47331,92196,Switzerland
1913,43752,46005,89757,Switzerland
1914,42372,44958,87330,Switzerland
1915,36978,38567,75545,Switzerland
1916,35803,37857,73660,Switzerland
1917,35269,36796,72065,Switzerland
1918,35354,37304,72658,Switzerland
1919,35279,36846,72125,Switzerland
1920,39322,41868,81190,Switzerland
1921,39456,41352,80808,Switzerland
1922,37168,39122,76290,Switzerland
1923,36774,38777,75551,Switzerland
1924,36102,37406,73508,Switzerland
1925,35450,37120,72570,Switzerland
1926,35269,36849,72118,Switzerland
1927,33694,35839,69533,Switzerland
1928,34005,35589,69594,Switzerland
1929,33891,35115,69006,Switzerland
1930,33989,35866,69855,Switzerland
1931,33298,34951,68249,Switzerland
1932,33435,35215,68650,Switzerland
1933,33195,34314,67509,Switzerland
1934,32686,34591,67277,Switzerland
1935,32137,34241,66378,Switzerland
1936,31747,33219,64966,Switzerland
1937,30529,31951,62480,Switzerland
1938,31083,32707,63790,Switzerland
1939,31086,32751,63837,Switzerland
1940,31483,32632,64115,Switzerland
1941,35216,36710,71926,Switzerland
1942,38511,40364,78875,Switzerland
1943,40609,42440,83049,Switzerland
1944,41632,43995,85627,Switzerland
1945,42862,45660,88522,Switzerland
1946,43344,45782,89126,Switzerland
1947,42549,45175,87724,Switzerland
1948,42806,44957,87763,Switzerland
1949,41475,43833,85308,Switzerland
1950,41115,43661,84776,Switzerland
1951,39694,42209,81903,Switzerland
1952,40649,42900,83549,Switzerland
1953,40458,42571,83029,Switzerland
1954,41027,42714,83741,Switzerland
1955,41523,43808,85331,Switzerland
1956,42663,45249,87912,Switzerland
1957,44237,46586,90823,Switzerland
1958,44490,46931,91421,Switzerland
1959,45248,47725,92973,Switzerland
1960,46185,48187,94372,Switzerland
1961,48581,50657,99238,Switzerland
1962,50870,53452,104322,Switzerland
1963,53746,56247,109993,Switzerland
1964,55034,57856,112890,Switzerland
1965,54187,57648,111835,Switzerland
1966,53323,56415,109738,Switzerland
1967,52402,55015,107417,Switzerland
1968,51191,53939,105130,Switzerland
1969,49990,52530,102520,Switzerland
1970,47981,51235,99216,Switzerland
1971,46850,49411,96261,Switzerland
1972,44163,47179,91342,Switzerland
1973,42438,45080,87518,Switzerland
1974,41021,43486,84507,Switzerland
1975,38055,40409,78464,Switzerland
1976,36499,37700,74199,Switzerland
1977,35300,37529,72829,Switzerland
1978,34648,36727,71375,Switzerland
1979,35134,36852,71986,Switzerland
1980,35944,37717,73661,Switzerland
1981,35682,38065,73747,Switzerland
1982,36589,38327,74916,Switzerland
1983,35686,37973,73659,Switzerland
1984,36177,38533,74710,Switzerland
1985,36719,37965,74684,Switzerland
1986,37416,38904,76320,Switzerland
1987,37318,39187,76505,Switzerland
1988,39120,41225,80345,Switzerland
1989,39502,41678,81180,Switzerland
1990,41025,42914,83939,Switzerland
1991,41876,44324,86200,Switzerland
1992,42492,44418,86910,Switzerland
1993,40730,43032,83762,Switzerland
1994,40386,42594,82980,Switzerland
1995,40113,42090,82203,Switzerland
1996,40299,42708,83007,Switzerland
1997,39284,41300,80584,Switzerland
1998,38521,40428,78949,Switzerland
1999,38152,40256,78408,Switzerland
2000,38056,40402,78458,Switzerland
2001,35172,37123,72295,Switzerland
2002,35054,37318,72372,Switzerland
2003,34946,36902,71848,Switzerland
2004,35742,37340,73082,Switzerland
2005,35334,37569,72903,Switzerland
2006,35605,37766,73371,Switzerland
2007,36310,38184,74494,Switzerland
2008,37142,39549,76691,Switzerland
2009,37879,40407,78286,Switzerland
2010,39179,41111,80290,Switzerland
2011,39182,41626,80808,Switzerland
2012,39729,42435,82164,Switzerland
2013,40136,42595,82731,Switzerland
2014,41437,43850,85287,Switzerland
2015,41910,44649,86559,Switzerland
2016,42951,44932,87883,Switzerland
2017,42508,44873,87381,Switzerland
2018,42838,45013,87851,Switzerland
2019,42049,44123,86172,Switzerland
2020,41615,44299,85914,Switzerland
2021,43716,45928,89644,Switzerland
2022,39907,42464,82371,Switzerland
1906,56987,62120,119107,Taiwan
1907,58466,63290,121756,Taiwan
1908,57807,61993,119800,Taiwan
1909,61620,65666,127286,Taiwan
1910,64099,68042,132141,Taiwan
1911,66100,69558,135658,Taiwan
1912,66632,69990,136622,Taiwan
1913,66797,70170,136967,Taiwan
1914,68695,72755,141450,Taiwan
1915,66814,70855,137669,Taiwan
1916,62768,65837,128605,Taiwan
1917,68984,73430,142414,Taiwan
1918,67701,71764,139465,Taiwan
1919,66358,70349,136707,Taiwan
1920,68609,72704,141313,Taiwan
1921,75524,79635,155159,Taiwan
1922,75527,79004,154531,Taiwan
1923,71740,75244,146984,Taiwan
1924,77139,81549,158688,Taiwan
1925,77764,81659,159423,Taiwan
1926,85889,89913,175802,Taiwan
1927,86180,91242,177422,Taiwan
1928,89272,94427,183699,Taiwan
1929,92050,97981,190031,Taiwan
1930,96554,101632,198186,Taiwan
1931,101343,106794,208137,Taiwan
1932,99847,105066,204913,Taiwan
1933,102735,109002,211737,Taiwan
1934,106656,112533,219189,Taiwan
1935,109858,116122,225980,Taiwan
1936,108645,115316,223961,Taiwan
1937,115242,121848,237090,Taiwan
1938,114226,121595,235821,Taiwan
1939,119145,125562,244707,Taiwan
1940,119973,126718,246691,Taiwan
1941,117030,124864,241894,Taiwan
1942,117380,125416,242796,Taiwan
1943,118939,128488,247427,Taiwan
1949,146187,154656,300843,Taiwan
1950,157564,166079,323643,Taiwan
1951,188086,197297,385383,Taiwan
1952,181578,191327,372905,Taiwan
1953,182575,191961,374536,Taiwan
1954,186372,197202,383574,Taiwan
1955,195922,207761,403683,Taiwan
1956,201482,212554,414036,Taiwan
1957,192193,202677,394870,Taiwan
1958,199560,211325,410885,Taiwan
1959,204787,216671,421458,Taiwan
1960,203088,216354,419442,Taiwan
1961,203526,216728,420254,Taiwan
1962,205137,218332,423469,Taiwan
1963,205727,218523,424250,Taiwan
1964,201807,215119,416926,Taiwan
1965,197550,209054,406604,Taiwan
1966,201780,213328,415108,Taiwan
1967,180585,193697,374282,Taiwan
1968,190618,203642,394260,Taiwan
1969,189122,201606,390728,Taiwan
1970,190847,203168,394015,Taiwan
1971,184486,195938,380424,Taiwan
1972,177617,188132,365749,Taiwan
1973,177377,189565,366942,Taiwan
1974,172083,183850,355933,Taiwan
1975,173566,184087,357653,Taiwan
1976,205416,218659,424075,Taiwan
1977,190700,202933,393633,Taiwan
1978,198482,213155,411637,Taiwan
1979,203557,218163,421720,Taiwan
1980,199494,212399,411893,Taiwan
1981,200187,214321,414508,Taiwan
1982,194242,207663,401905,Taiwan
1983,184317,196712,381029,Taiwan
1984,177836,190976,368812,Taiwan
1985,165953,177006,342959,Taiwan
1986,147774,158554,306328,Taiwan
1987,150347,162935,313282,Taiwan
1988,164371,177856,342227,Taiwan
1989,150032,162952,312984,Taiwan
1990,159928,176378,336306,Taiwan
1991,151900,167780,319680,Taiwan
1992,153099,168306,321405,Taiwan
1993,156634,169360,325994,Taiwan
1994,155004,168764,323768,Taiwan
1995,157065,169482,326547,Taiwan
1996,155356,168961,324317,Taiwan
1997,155558,169422,324980,Taiwan
1998,128818,140063,268881,Taiwan
1999,135617,148456,284073,Taiwan
2000,146671,160529,307200,Taiwan
2001,123556,134310,257866,Taiwan
2002,117617,129141,246758,Taiwan
2003,108229,119218,227447,Taiwan
2004,103336,114349,217685,Taiwan
2005,98768,107697,206465,Taiwan
2006,98142,107578,205720,Taiwan
2007,97141,106570,203711,Taiwan
2008,93718,102768,196486,Taiwan
2009,92185,99948,192133,Taiwan
2010,79669,86804,166473,Taiwan
2011,95400,102948,198348,Taiwan
2012,113114,121485,234599,Taiwan
2013,93807,101132,194939,Taiwan
2014,102131,109268,211399,Taiwan
2015,102293,110800,213093,Taiwan
2016,99980,107620,207600,Taiwan
2017,93755,100861,194616,Taiwan
2018,87299,93357,180656,Taiwan
2019,84262,90812,175074,Taiwan
1922,451357,473383,924740,United Kingdom 
1923,440170,459960,900130,United Kingdom 
1924,422340,442989,865329,United Kingdom 
1925,411627,430778,842405,United Kingdom 
1926,404019,421155,825174,United Kingdom 
1927,380776,396744,777520,United Kingdom 
1928,382845,400207,783052,United Kingdom 
1929,372504,389459,761963,United Kingdom 
1930,376612,392627,769239,United Kingdom 
1931,366275,383699,749974,United Kingdom 
1932,356219,373860,730079,United Kingdom 
1933,337416,354144,691560,United Kingdom 
1934,346390,365453,711843,United Kingdom 
1935,346129,365297,711426,United Kingdom 
1936,350923,369206,720129,United Kingdom 
1937,352118,371661,723779,United Kingdom 
1938,358543,377030,735573,United Kingdom 
1939,353449,373183,726632,United Kingdom 
1940,341846,360029,701875,United Kingdom 
1941,338509,357217,695726,United Kingdom 
1942,374434,397417,771851,United Kingdom 
1943,392916,417608,810524,United Kingdom 
1944,425301,452997,878298,United Kingdom 
1945,386077,409791,795868,United Kingdom 
1946,463635,491631,955266,United Kingdom 
1947,497816,527611,1025427,United Kingdom 
1948,438949,466233,905182,United Kingdom 
1949,415024,440274,855298,United Kingdom 
1950,396981,421440,818421,United Kingdom 
1951,386703,409942,796645,United Kingdom 
1952,385925,406992,792917,United Kingdom 
1953,390340,413929,804269,United Kingdom 
1954,386083,408686,794769,United Kingdom 
1955,383031,406284,789315,United Kingdom 
1956,401205,423932,825137,United Kingdom 
1957,413328,438138,851466,United Kingdom 
1958,422835,447662,870497,United Kingdom 
1959,425869,452692,878561,United Kingdom 
1960,445589,472697,918286,United Kingdom 
1961,458229,486136,944365,United Kingdom 
1962,473249,502386,975635,United Kingdom 
1963,481692,508468,990160,United Kingdom 
1964,492289,522383,1014672,United Kingdom 
1965,484346,512929,997275,United Kingdom 
1966,475220,504367,979587,United Kingdom 
1967,467104,494696,961800,United Kingdom 
1968,460066,487165,947231,United Kingdom 
1969,446944,473312,920256,United Kingdom 
1970,438959,464948,903907,United Kingdom 
1971,437454,464194,901648,United Kingdom 
1972,404163,429821,833984,United Kingdom 
1973,377114,402431,779545,United Kingdom 
1974,357868,379270,737138,United Kingdom 
1975,338275,359243,697518,United Kingdom 
1976,328170,347356,675526,United Kingdom 
1977,318934,338104,657038,United Kingdom 
1978,333637,353315,686952,United Kingdom 
1979,356428,378144,734572,United Kingdom 
1980,367673,386035,753708,United Kingdom 
1981,355871,374841,730712,United Kingdom 
1982,350004,368995,718999,United Kingdom 
1983,350418,370820,721238,United Kingdom 
1984,356022,373379,729401,United Kingdom 
1985,365489,385031,750520,United Kingdom 
1986,367578,387227,754805,United Kingdom 
1987,377615,397790,775405,United Kingdom 
1988,384158,403145,787303,United Kingdom 
1989,378844,398192,777036,United Kingdom 
1990,389617,408747,798364,United Kingdom 
1991,386016,406253,792269,United Kingdom 
1992,380571,400228,780799,United Kingdom 
1993,370802,390724,761526,United Kingdom 
1994,365399,385081,750480,United Kingdom 
1995,356749,375133,731882,United Kingdom 
1996,356768,376395,733163,United Kingdom 
1997,354204,372418,726622,United Kingdom 
1998,349431,367457,716888,United Kingdom 
1999,340532,359444,699976,United Kingdom 
2000,331088,347941,679029,United Kingdom 
2001,326414,342709,669123,United Kingdom 
2002,325622,343155,668777,United Kingdom 
2003,338971,356578,695549,United Kingdom 
2004,348410,367586,715996,United Kingdom 
2005,352525,370024,722549,United Kingdom 
2006,365651,382912,748563,United Kingdom 
2007,376931,397574,774505,United Kingdom 
2008,386262,405861,792123,United Kingdom 
2009,385105,405099,790204,United Kingdom 
2010,393516,413755,807271,United Kingdom 
2011,393866,413910,807776,United Kingdom 
2012,395912,417058,812970,United Kingdom 
2013,379204,399599,778803,United Kingdom 
2014,379583,400023,779606,United Kingdom 
2015,378182,398983,777165,United Kingdom 
2016,377128,397707,774835,United Kingdom 
2017,367858,387184,755042,United Kingdom 
2018,355684,375529,731213,United Kingdom 
2019,346220,366460,712680,United Kingdom 
2020,332346,349214,681560,United Kingdom 
1933,1122180,1184820,2307000,The United States of America
1934,1166072,1229928,2396000,The United States of America
1935,1158000,1219000,2377000,The United States of America
1936,1148000,1207000,2355000,The United States of America
1937,1175000,1238000,2413000,The United States of America
1938,1217000,1280000,2497000,The United States of America
1939,1201000,1265000,2466000,The United States of America
1940,1246000,1313000,2559000,The United States of America
1941,1316000,1387000,2703000,The United States of America
1942,1452000,1537000,2989000,The United States of America
1943,1510000,1593000,3103000,The United States of America
1944,1430000,1509000,2939000,The United States of America
1945,1391000,1467000,2858000,The United States of America
1946,1657000,1754000,3411000,The United States of America
1947,1857000,1960000,3817000,The United States of America
1948,1771000,1866000,3637000,The United States of America
1949,1777000,1872000,3649000,The United States of America
1950,1768000,1863000,3631000,The United States of America
1951,1863000,1960000,3823000,The United States of America
1952,1908000,2005000,3913000,The United States of America
1953,1931000,2034000,3965000,The United States of America
1954,1988000,2090000,4078000,The United States of America
1955,2001000,2103000,4104000,The United States of America
1956,2056000,2162000,4218000,The United States of America
1957,2101000,2207000,4308000,The United States of America
1958,2076000,2179000,4255000,The United States of America
1959,2104312,2207788,4312100,The United States of America
1960,2078142,2179708,4257850,The United States of America
1961,2082052,2186274,4268326,The United States of America
1962,2034896,2132466,4167362,The United States of America
1963,1996388,2101632,4098020,The United States of America
1964,1967328,2060162,4027490,The United States of America
1965,1833304,1927054,3760358,The United States of America
1966,1760412,1845862,3606274,The United States of America
1967,1717571,1803388,3520959,The United States of America
1968,1705238,1796326,3501564,The United States of America
1969,1753634,1846572,3600206,The United States of America
1970,1816008,1915378,3731386,The United States of America
1971,1733060,1822910,3555970,The United States of America
1972,1588484,1669927,3258411,The United States of America
1973,1528639,1608326,3136965,The United States of America
1974,1537844,1622114,3159958,The United States of America
1975,1531063,1613135,3144198,The United States of America
1976,1543352,1624436,3167788,The United States of America
1977,1620716,1705916,3326632,The United States of America
1978,1623885,1709394,3333279,The United States of America
1979,1703131,1791267,3494398,The United States of America
1980,1759642,1852616,3612258,The United States of America
1981,1768966,1860272,3629238,The United States of America
1982,1794861,1885676,3680537,The United States of America
1983,1773380,1865553,3638933,The United States of America
1984,1789651,1879490,3669141,The United States of America
1985,1832578,1927983,3760561,The United States of America
1986,1831679,1924868,3756547,The United States of America
1987,1858241,1951153,3809394,The United States of America
1988,1907086,2002424,3909510,The United States of America
1989,1971468,2069490,4040958,The United States of America
1990,2028717,2129495,4158212,The United States of America
1991,2009389,2101518,4110907,The United States of America
1992,1982917,2082097,4065014,The United States of America
1993,1951379,2048861,4000240,The United States of America
1994,1930178,2022589,3952767,The United States of America
1995,1903234,1996355,3899589,The United States of America
1996,1901014,1990480,3891494,The United States of America
1997,1895298,1985596,3880894,The United States of America
1998,1925348,2016205,3941553,The United States of America
1999,1932563,2026854,3959417,The United States of America
2000,1981845,2076969,4058814,The United States of America
2001,1968011,2057922,4025933,The United States of America
2002,1963747,2057979,4021726,The United States of America
2003,1996415,2093535,4089950,The United States of America
2004,2007391,2104661,4112052,The United States of America
2005,2019367,2118982,4138349,The United States of America
2006,2081318,2184237,4265555,The United States of America
2007,2108162,2208071,4316233,The United States of America
2008,2074305,2173389,4247694,The United States of America
2009,2016809,2113856,4130665,The United States of America
2010,1952451,2046935,3999386,The United States of America
2011,1929538,2024052,3953590,The United States of America
2012,1931407,2021434,3952841,The United States of America
2013,1919227,2012954,3932181,The United States of America
2014,1947375,2040701,3988076,The United States of America
2015,1942336,2036161,3978497,The United States of America
2016,1927692,2018183,3945875,The United States of America
2017,1882615,1972885,3855500,The United States of America
2018,1853533,1938179,3791712,The United States of America
2019,1830094,1917446,3747540,The United States of America
2020,1765555,1848092,3613647,The United States of America
2021,1790876,1873416,3664292,The United States of America
1946,365923,387570,753493,Ukraine
1947,344763,368231,712994,Ukraine
1948,368283,389500,757783,Ukraine
1949,443178,468463,911641,Ukraine
1950,409683,434902,844585,Ukraine
1951,415345,442707,858052,Ukraine
1952,410151,436283,846434,Ukraine
1953,385631,410021,795652,Ukraine
1954,409850,435278,845128,Ukraine
1955,383939,408757,792696,Ukraine
1956,398986,423583,822569,Ukraine
1957,411196,436585,847781,Ukraine
1958,423164,450319,873483,Ukraine
1959,427240,453312,880552,Ukraine
1960,426590,452178,878768,Ukraine
1961,409233,434249,843482,Ukraine
1962,399185,423966,823151,Ukraine
1963,385275,409694,794969,Ukraine
1964,359291,382377,741668,Ukraine
1965,334907,357246,692153,Ukraine
1966,346202,367290,713492,Ukraine
1967,338973,360408,699381,Ukraine
1968,337000,356064,693064,Ukraine
1969,335186,352805,687991,Ukraine
1970,349977,369236,719213,Ukraine
1971,358274,378417,736691,Ukraine
1972,362440,383256,745696,Ukraine
1973,350092,369468,719560,Ukraine
1974,359656,376960,736616,Ukraine
1975,360797,378060,738857,Ukraine
1976,363997,383072,747069,Ukraine
1977,354260,371957,726217,Ukraine
1978,356120,376067,732187,Ukraine
1979,358243,376945,735188,Ukraine
1980,361840,380649,742489,Ukraine
1981,357871,375312,733183,Ukraine
1982,362898,382693,745591,Ukraine
1983,392944,414167,807111,Ukraine
1984,384916,407119,792035,Ukraine
1985,371541,391234,762775,Ukraine
1986,385777,406797,792574,Ukraine
1987,369074,391777,760851,Ukraine
1988,362283,381773,744056,Ukraine
1989,335986,354995,690981,Ukraine
1990,318923,338279,657202,Ukraine
1991,306867,323946,630813,Ukraine
1992,290028,306757,596785,Ukraine
1993,270610,286857,557467,Ukraine
1994,252868,268677,521545,Ukraine
1995,238919,253942,492861,Ukraine
1996,225946,241265,467211,Ukraine
1997,214886,227695,442581,Ukraine
1998,203761,215477,419238,Ukraine
1999,188336,200872,389208,Ukraine
2000,185715,199411,385126,Ukraine
2001,182352,194126,376478,Ukraine
2002,188788,201900,390688,Ukraine
2003,198422,210167,408589,Ukraine
2004,207335,219924,427259,Ukraine
2005,206470,219616,426086,Ukraine
2006,224097,236271,460368,Ukraine
2007,229416,243241,472657,Ukraine
2008,247001,263588,510589,Ukraine
2009,247681,264844,512525,Ukraine
2010,240854,256835,497689,Ukraine
2011,243162,259433,502595,Ukraine
2012,251957,268748,520705,Ukraine
2013,243919,259738,503657,Ukraine
